2_day/landslide_modelling/data/distroad.asc
NCOLS 367
NROWS 415
XLLCORNER 712367.500000
YLLCORNER 9557227.500000
CELLSIZE 10.000000
NODATA_VALUE -99999.000000
[rows 87 to 115 of 415, columns 67 to 133 of 367]
186.86 184.44 182.53 181.15 180.32 180.02 180.00 180.00 180.00 180.00 180.12 180.67 181.77 183.42 185.58 188.10 190.44 193.05 196.13 199.67 203.63 207.98 212.45 216.92 221.51 226.42 231.66 237.19 242.74 248.28 254.05 260.08 266.35 272.84 279.54 286.43 293.46 300.53 307.52 313.99 320.18 326.52 333.04 339.66 346.01 352.20 358.53 364.89 371.03 377.18 383.49 389.86 396.03 402.17 408.46 414.90 421.48 428.18 435.02 441.97 449.02 456.09 463.16 470.23 477.30 484.40 491.57
196.51 194.21 192.40 191.09 190.31 190.02 190.00 190.00 190.00 190.00 190.11 190.63 191.68 193.24 195.30 197.78 200.17 202.65 205.59 208.97 212.76 216.95 221.39 225.86 230.36 235.09 240.14 245.49 251.07 256.59 262.19 268.03 274.12 280.43 286.95 293.67 300.57 307.60 314.67 321.61 328.03 334.24 340.61 347.16 353.75 360.05 366.25 372.61 378.94 385.05 391.24 397.58 403.91 410.05 416.22 422.54 429.00 435.59 442.31 449.16 456.12 463.16 470.23 477.30 484.38 491.45 498.54
206.20 204.00 202.28 201.04 200.29 200.02 200.00 200.00 200.00 200.00 200.10 200.60 201.60 203.08 205.04 207.46 209.89 212.29 215.10 218.33 221.96 225.98 230.34 234.81 239.28 243.86 248.73 253.90 259.36 264.94 270.45 276.12 282.03 288.17 294.52 301.07 307.80 314.71 321.74 328.82 335.71 342.07 348.31 354.71 361.27 367.83 374.09 380.32 386.69 392.97 399.08 405.30 411.65 417.95 424.08 430.28 436.63 443.10 449.71 456.44 463.29 470.26 477.30 484.38 491.45 498.52 505.59
215.91 213.81 212.17 210.99 210.28 210.02 210.00 210.00 210.00 210.00 210.10 210.57 211.52 212.94 214.81 217.12 219.60 221.96 224.65 227.74 231.23 235.09 239.30 243.75 248.22 252.72 257.42 262.42 267.71 273.24 278.79 284.33 290.07 296.04 302.23 308.61 315.19 321.93 328.85 335.89 342.96 349.79 356.11 362.38 368.80 375.38 381.90 388.13 394.39 400.77 407.00 413.12 419.36 425.73 431.99 438.11 444.34 450.71 457.21 463.83 470.58 477.43 484.40 491.45 498.52 505.59 512.66
225.65 223.64 222.07 220.94 220.26 220.02 220.00 220.00 220.00 220.00 220.09 220.55 221.45 222.80 224.59 226.81 229.30 231.66 234.24 237.21 240.55 244.27 248.33 252.70 257.17 261.64 266.21 271.05 276.16 281.54 287.12 292.64 298.23 304.04 310.07 316.29 322.71 329.30 336.07 342.99 350.03 357.09 363.86 370.16 376.45 382.91 389.49 395.95 402.17 408.46 414.83 421.02 427.16 433.44 439.80 446.01 452.15 458.41 464.80 471.32 477.96 484.71 491.57 498.54 505.59 512.66 519.73
235.41 233.49 231.98 230.90 230.25 230.02 230.00 230.00 230.00 230.00 230.09 230.52 231.39 232.68 234.40 236.52 238.99 241.38 243.86 246.71 249.93 253.51 257.42 261.66 266.11 270.58 275.08 279.76 284.72 289.94 295.41 300.98 306.50 312.16 318.03 324.10 330.37 336.81 343.43 350.20 357.13 364.17 371.21 377.92 384.21 390.53 397.01 403.60 410.01 416.22 422.54 428.89 435.05 441.21 447.51 453.86 460.04 466.20 472.48 478.90 485.43 492.08 498.84 505.71 512.68 519.73 526.80
245.19 243.34 241.90 240.87 240.24 240.02 240.00 240.00 240.00 240.00 240.09 240.50 241.33 242.57 244.22 246.26 248.67 251.11 253.51 256.26 259.36 262.81 266.58 270.68 275.06 279.53 284.00 288.56 293.37 298.44 303.75 309.29 314.84 320.38 326.10 332.03 338.14 344.44 350.92 357.55 364.34 371.27 378.31 385.34 391.99 398.27 404.62 411.12 417.70 424.05 430.28 436.62 442.94 449.07 455.27 461.59 467.92 474.07 480.25 486.56 492.99 499.54 506.20 512.97 519.85 526.82 533.87
254.98 253.21 251.83 250.83 250.23 250.02 250.00 250.00 250.00 250.00 250.08 250.48 251.28 252.47 254.05 256.01 258.34 260.82 263.19 265.83 268.82 272.15 275.80 279.76 284.02 288.47 292.94 297.43 302.10 307.03 312.20 317.60 323.17 328.69 334.28 340.06 346.04 352.20 358.53 365.02 371.67 378.47 385.41 392.45 399.47 406.05 412.33 418.71 425.23 431.78 438.10 444.34 450.70 456.97 463.11 469.33 475.67 481.96 488.10 494.31 500.64 507.09 513.66 520.33 527.11 533.99 540.96
264.80 263.09 261.76 260.80 260.22 260.02 260.00 260.00 260.00 260.00 260.08 260.46 261.23 262.38 263.90 265.79 268.03 270.52 272.89 275.44 278.33 281.54 285.07 288.91 293.03 297.41 301.89 306.36 310.91 315.70 320.73 325.99 331.46 337.03 342.55 348.20 354.04 360.06 366.25 372.61 379.13 385.80 392.61 399.55 406.59 413.58 420.11 426.40 432.80 439.34 445.87 452.15 458.41 464.77 471.01 477.14 483.39 489.74 496.00 502.14 508.37 514.72 521.19 527.77 534.45 541.24 548.13
274.62 272.98 271.69 270.77 270.22 270.02 270.00 270.00 270.00 270.00 270.08 270.45 271.19 272.29 273.75 275.58 277.74 280.21 282.61 285.07 287.87 290.98 294.39 298.11 302.10 306.38 310.83 315.30 319.79 324.45 329.34 334.46 339.80 345.34 350.89 356.43 362.13 368.02 374.09 380.32 386.71 393.25 399.93 406.75 413.69 420.74 427.68 434.17 440.47 446.90 453.45 459.94 466.20 472.48 478.84 485.03 491.19 497.46 503.81 510.03 516.18 522.44 528.81 535.30 541.89 548.58 555.38
284.46 282.87 281.63 280.74 280.21 280.01 280.00 280.00 280.00 280.00 280.07 280.43 281.14 282.21 283.62 285.38 287.47 289.89 292.33 294.73 297.43 300.44 303.75 307.35 311.23 315.38 319.77 324.25 328.72 333.27 338.03 343.03 348.23 353.65 359.22 364.74 370.33 376.09 382.02 388.13 394.39 400.80 407.36 414.06 420.88 427.83 434.88 441.79 448.23 454.55 461.00 467.55 474.00 480.25 486.56 492.90 499.07 505.24 511.53 517.87 524.06 530.23 536.51 542.90 549.40 556.01 562.71
294.31 292.77 291.58 290.72 290.20 290.01 290.00 290.00 290.00 290.00 290.07 290.42 291.10 292.13 293.50 295.20 297.22 299.57 302.03 304.41 307.03 309.95 313.16 316.65 320.42 324.45 328.73 333.19 337.66 342.15 346.79 351.66 356.74 362.03 367.51 373.08 378.60 384.24 390.05 396.03 402.17 408.46 414.90 421.48 428.18 435.02 441.97 449.02 455.89 462.30 468.63 475.10 481.66 488.07 494.31 500.64 506.94 513.10 519.29 525.61 531.93 538.09 544.28 550.58 556.99 563.51 570.12
304.17 302.68 301.52 300.69 300.19 300.01 300.00 300.00 300.00 300.00 300.07 300.40 301.07 302.06 303.38 305.03 306.99 309.26 311.74 314.11 316.65 319.48 322.59 325.99 329.65 333.57 337.74 342.13 346.61 351.08 355.62 360.37 365.33 370.50 375.85 381.39 386.94 392.48 398.17 404.03 410.05 416.22 422.54 429.00 435.59 442.31 449.16 456.12 463.15 469.97 476.36 482.72 489.20 495.75 502.12 508.37 514.71 520.98 527.13 533.35 539.68 545.97 552.12 558.34 564.66 571.09 577.62
314.03 312.60 311.48 310.67 310.19 310.01 310.00 310.00 310.00 310.00 310.07 310.39 311.03 312.00 313.28 314.87 316.77 318.97 321.43 323.83 326.29 329.04 332.06 335.36 338.92 342.73 346.79 351.09 355.55 360.02 364.51 369.14 373.99 379.03 384.27 389.70 395.27 400.80 406.38 412.12 418.02 424.08 430.28 436.63 443.10 449.71 456.44 463.29 470.26 477.28 484.05 490.42 496.81 503.31 509.84 516.17 522.44 528.79 535.02 541.17 547.42 553.76 560.01 566.16 572.40 578.74 585.19
323.66 322.52 321.43 320.65 320.18 320.01 320.00 320.00 320.00 320.00 320.07 320.38 321.00 321.93 323.17 324.72 326.56 328.70 331.12 333.55 335.96 338.62 341.57 344.77 348.23 351.95 355.90 360.09 364.49 368.97 373.44 377.98 382.71 387.64 392.77 398.08 403.57 409.14 414.66 420.29 426.08 432.02 438.11 444.34 450.71 457.21 463.83 470.58 477.43 484.40 491.42 498.13 504.50 510.90 517.41 523.93 530.23 536.51 542.85 549.05 555.22 561.49 567.82 574.05 580.21 586.47 592.83
332.94 332.44 331.39 330.63 330.18 330.01 330.00 330.00 330.00 330.00 330.06 330.37 330.97 331.88 333.08 334.58 336.37 338.44 340.80 343.26 345.64 348.23 351.09 354.21 357.58 361.20 365.06 369.14 373.45 377.91 382.38 386.87 391.49 396.32 401.33 406.53 411.91 417.44 423.00 428.53 434.21 440.05 446.03 452.15 458.41 464.80 471.32 477.96 484.71 491.57 498.54 505.55 512.22 518.57 524.99 531.52 538.00 544.28 550.58 556.91 563.09 569.27 575.56 581.89 588.08 594.26 600.53
341.97 342.37 341.35 340.61 340.17 340.01 340.00 340.00 340.00 340.00 340.06 340.36 340.94 341.82 342.99 344.44 346.18 348.20 350.49 352.96 355.34 357.86 360.65 363.68 366.97 370.50 374.25 378.24 382.45 386.85 391.33 395.80 400.33 405.05 409.96 415.05 420.32 425.75 431.32 436.85 442.43 448.15 454.03 460.05 466.20 472.48 478.90 485.43 492.08 498.84 505.71 512.68 519.67 526.29 532.65 539.09 545.62 552.07 558.34 564.66 570.96 577.12 583.32 589.63 595.94 602.11 608.31
350.70 352.30 351.31 350.59 350.17 350.01 350.00 350.00 350.00 350.00 350.06 350.35 350.92 351.77 352.90 354.32 356.01 357.97 360.20 362.65 365.06 367.51 370.23 373.18 376.39 379.82 383.49 387.38 391.49 395.81 400.27 404.74 409.23 413.84 418.65 423.64 428.80 434.13 439.62 445.19 450.71 456.34 462.11 468.02 474.07 480.25 486.56 492.99 499.54 506.20 512.97 519.85 526.82 533.78 540.36 546.73 553.19 559.72 566.13 572.40 578.73 585.00 591.16 597.38 603.70 609.99 616.15
359.10 361.99 361.27 360.58 360.16 360.01 360.00 360.00 360.00 360.00 360.06 360.34 360.89 361.72 362.82 364.20 365.84 367.75 369.92 372.34 374.77 377.18 379.82 382.71 385.83 389.19 392.77 396.57 400.58 404.80 409.21 413.69 418.16 422.69 427.40 432.28 437.34 442.57 447.96 453.50 459.05 464.59 470.26 476.07 482.02 488.10 494.31 500.64 507.09 513.66 520.33 527.11 533.99 540.96 547.89 554.44 560.82 567.29 573.82 580.19 586.47 592.80 599.04 605.20 611.45 617.78 624.03
367.07 371.31 371.24 370.56 370.16 370.01 370.00 370.00 370.00 370.00 370.06 370.33 370.87 371.67 372.75 374.09 375.69 377.55 379.66 382.02 384.48 386.87 389.44 392.26 395.31 398.58 402.08 405.79 409.72 413.84 418.17 422.63 427.10 431.59 436.20 440.98 445.94 451.07 456.36 461.81 467.37 472.90 478.48 484.19 490.04 496.03 502.14 508.37 514.72 521.19 527.77 534.45 541.24 548.13 555.11 562.01 568.52 574.91 581.39 587.91 594.25 600.53 606.86 613.07 619.25 625.51 631.84
375.02 380.24 381.20 380.55 380.15 380.01 380.00 380.00 380.00 380.00 380.05 380.32 380.84 381.63 382.68 383.98 385.54 387.35 389.41 391.72 394.18 396.57 399.08 401.83 404.80 408.00 411.42 415.05 418.89 422.93 427.16 431.57 436.05 440.52 445.05 449.74 454.61 459.64 464.83 470.18 475.67 481.24 486.77 492.38 498.14 504.03 510.04 516.18 522.44 528.81 535.30 541.89 548.58 555.38 562.26 569.25 576.12 582.59 589.00 595.50 602.00 608.31 614.61 620.92 627.11 633.30 639.58
383.07 388.80 391.11 390.53 390.15 390.01 390.00 390.00 390.00 390.00 390.05 390.31 390.82 391.59 392.61 393.88 395.40 397.17 399.18 401.42 403.88 406.28 408.74 411.42 414.33 417.45 420.79 424.34 428.10 432.05 436.20 440.53 444.99 449.46 453.95 458.55 463.32 468.26 473.36 478.61 484.01 489.55 495.10 500.64 506.30 512.10 518.02 524.06 530.23 536.51 542.90 549.40 556.01 562.71 569.51 576.40 583.38 590.21 596.67 603.09 609.60 616.07 622.37 628.68 634.97 641.14 647.35
391.21 397.04 400.64 400.52 400.15 400.01 400.00 400.00 400.00 400.00 400.05 400.30 400.80 401.55 402.54 403.78 405.27 406.99 408.95 411.15 413.57 416.00 418.41 421.03 423.87 426.93 430.19 433.67 437.34 441.21 445.27 449.52 453.93 458.41 462.88 467.40 472.09 476.93 481.94 487.10 492.41 497.86 503.42 508.96 514.53 520.23 526.06 532.02 538.09 544.28 550.58 556.99 563.51 570.12 576.84 583.65 590.54 597.51 604.30 610.75 617.18 623.70 630.14 636.43 642.75 649.02 655.18
399.43 405.14 409.84 410.51 410.14 410.01 410.00 410.00 410.00 410.00 410.05 410.29 410.78 411.51 412.48 413.69 415.14 416.82 418.74 420.88 423.25 425.71 428.10 430.66 433.44 436.42 439.62 443.02 446.62 450.41 454.39 458.55 462.89 467.35 471.82 476.31 480.90 485.66 490.58 495.65 500.87 506.23 511.73 517.29 522.82 528.43 534.17 540.04 546.02 552.12 558.34 564.66 571.09 577.62 584.24 590.97 597.78 604.68 611.65 618.40 624.83 631.28 637.80 644.21 650.49 656.82 663.06
407.73 413.33 418.67 420.50 420.14 420.01 420.00 420.00 420.00 420.00 420.05 420.29 420.76 421.48 422.42 423.61 425.02 426.66 428.53 430.63 432.95 435.41 437.80 440.30 443.02 445.94 449.07 452.40 455.92 459.64 463.54 467.62 471.88 476.29 480.77 485.24 489.76 494.44 499.27 504.25 509.38 514.65 520.06 525.60 531.15 536.70 542.35 548.13 554.02 560.04 566.16 572.40 578.74 585.19 591.73 598.37 605.10 611.92 618.82 625.78 632.49 638.92 645.38 651.90 658.27 664.56 670.88
416.07 421.59 427.21 430.25 430.14 430.01 430.00 430.00 430.00 430.00 430.05 430.28 430.75 431.44 432.37 433.52 434.90 436.51 438.34 440.39 442.65 445.10 447.51 449.96 452.62 455.49 458.55 461.81 465.26 468.90 472.72 476.72 480.90 485.25 489.71 494.18 498.66 503.26 508.00 512.90 517.94 523.13 528.46 533.92 539.48 545.01 550.58 556.27 562.09 568.02 574.06 580.21 586.47 592.83 599.28 605.84 612.49 619.23 626.05 632.96 639.91 646.58 653.01 659.48 665.99 672.33 678.63
424.38 429.92 435.48 439.65 440.13 440.01 440.00 440.00 440.00 440.00 440.05 440.27 440.73 441.41 442.31 443.44 444.79 446.36 448.15 450.16 452.37 454.80 457.23 459.64 462.24 465.04 468.05 471.24 474.62 478.19 481.94 485.87 489.97 494.23 498.65 503.13 507.60 512.12 516.78 521.60 526.56 531.66 536.90 542.28 547.78 553.35 558.88 564.48 570.21 576.06 582.02 588.08 594.26 600.53 606.91 613.39 619.95 626.61 633.36 640.19 647.10 654.03 660.67 667.10 673.58 680.07 686.40
432.69 438.25 443.78 448.72 450.13 450.01 450.00 450.00 450.00 450.00 450.05 450.27 450.71 451.38 452.26 453.37 454.69 456.23 457.98 459.94 462.11 464.48 466.93 469.33 471.88 474.62 477.56 480.69 484.01 487.51 491.19 495.04 499.07 503.26 507.61 512.07 516.54 521.02 525.61 530.35 535.23 540.25 545.41 550.70 556.12 561.66 567.21 572.75 578.40 584.16 590.04 596.02 602.11 608.31 614.61 621.00 627.49 634.07 640.74 647.49 654.33 661.24 668.15 674.75 681.19 687.69 694.15
440.95 446.56 452.12 457.51 460.05 460.01 460.00 460.00 460.00 460.00 460.05 460.26 460.70 461.35 462.21 463.29 464.59 466.09 467.81 469.73 471.85 474.17 476.63 479.03 481.53 484.22 487.10 490.17 493.42 496.86 500.47 504.25 508.20 512.32 516.59 521.01 525.49 529.96 534.48 539.14 543.94 548.88 553.96 559.17 564.51 569.97 575.53 581.07 586.64 592.32 598.12 604.02 610.03 616.15 622.37 628.68 635.09 641.59 648.18 654.86 661.62 668.46 675.38 682.27 688.84 695.28 701.79
