2_day/landslide_modelling/data/distroad.asc
NCOLS 367
NROWS 415
XLLCORNER 712367.500000
YLLCORNER 9557227.500000
CELLSIZE 10.000000
NODATA_VALUE -99999.000000
[rows 377 to 405 of 415, columns 201 to 267 of 367]
3235.01 3241.03 3247.07 3253.13 3259.21 3265.31 3271.43 3277.57 3283.73 3289.90 3296.10 3302.31 3308.54 3314.80 3321.06 3327.35 3333.66 3339.98 3346.32 3352.68 3359.06 3365.45 3371.86 3378.29 3384.74 3391.20 3397.69 3404.18 3410.70 3417.23 3423.78 3430.34 3436.93 3443.53 3450.14 3456.77 3463.42 3470.08 3476.52 3481.80 3486.41 3491.03 3495.66 3500.32 3505.01 3509.71 3514.44 3519.19 3523.96 3528.75 3533.56 3538.40 3543.26 3548.14 3553.04 3557.96 3562.90 3567.87 3572.85 3577.86 3582.76 3585.51 3586.34 3587.15 3587.99 3588.85 3589.73
3243.00 3249.01 3255.04 3261.08 3267.15 3273.23 3279.34 3285.46 3291.61 3297.77 3303.95 3310.15 3316.36 3322.60 3328.85 3335.13 3341.42 3347.73 3354.05 3360.40 3366.76 3373.14 3379.54 3385.95 3392.38 3398.83 3405.30 3411.78 3418.28 3424.80 3431.34 3437.89 3444.45 3451.04 3457.64 3464.26 3470.89 3477.54 3484.20 3490.35 3495.29 3499.90 3504.52 3509.17 3513.84 3518.53 3523.25 3527.98 3532.74 3537.52 3542.33 3547.15 3551.99 3556.86 3561.75 3566.66 3571.59 3576.54 3581.52 3586.51 3591.53 3595.16 3596.31 3597.12 3597.95 3598.81 3599.70
3251.01 3257.00 3263.01 3269.05 3275.10 3281.17 3287.26 3293.37 3299.49 3305.64 3311.81 3317.99 3324.19 3330.42 3336.66 3342.91 3349.19 3355.48 3361.80 3368.13 3374.47 3380.84 3387.22 3393.62 3400.04 3406.47 3412.93 3419.40 3425.88 3432.39 3438.90 3445.44 3451.99 3458.56 3465.15 3471.75 3478.37 3485.01 3491.66 3498.27 3504.05 3508.77 3513.38 3518.02 3522.68 3527.36 3532.06 3536.79 3541.53 3546.30 3551.09 3555.91 3560.74 3565.59 3570.47 3575.37 3580.29 3585.23 3590.19 3595.17 3600.18 3604.55 3606.28 3607.09 3607.92 3608.78 3609.66
3259.03 3265.01 3271.00 3277.02 3283.06 3289.11 3295.19 3301.28 3307.40 3313.53 3319.68 3325.85 3332.04 3338.24 3344.47 3350.71 3356.97 3363.25 3369.55 3375.87 3382.20 3388.55 3394.92 3401.30 3407.71 3414.13 3420.57 3427.02 3433.49 3439.98 3446.49 3453.01 3459.55 3466.10 3472.67 3479.26 3485.87 3492.49 3499.12 3505.78 3512.26 3517.62 3522.25 3526.88 3531.52 3536.19 3540.89 3545.60 3550.33 3555.09 3559.87 3564.67 3569.49 3574.33 3579.20 3584.08 3588.99 3593.92 3598.87 3603.84 3608.83 3613.66 3616.23 3617.05 3617.88 3618.74 3619.62
3267.06 3273.02 3279.00 3285.01 3291.03 3297.07 3303.13 3309.21 3315.31 3321.43 3327.56 3333.72 3339.89 3346.08 3352.29 3358.52 3364.77 3371.03 3377.32 3383.62 3389.94 3396.27 3402.63 3409.00 3415.39 3421.79 3428.22 3434.66 3441.11 3447.59 3454.08 3460.59 3467.11 3473.65 3480.21 3486.78 3493.37 3499.98 3506.60 3513.24 3519.90 3526.12 3531.13 3535.74 3540.38 3545.03 3549.71 3554.42 3559.14 3563.88 3568.65 3573.44 3578.25 3583.08 3587.93 3592.81 3597.70 3602.62 3607.56 3612.52 3617.49 3622.49 3625.94 3627.02 3627.85 3628.70 3629.58
3275.10 3281.05 3287.01 3293.00 3299.01 3305.04 3311.08 3317.15 3323.23 3329.33 3335.46 3341.60 3347.76 3353.93 3360.13 3366.34 3372.58 3378.83 3385.09 3391.38 3397.69 3404.01 3410.35 3416.70 3423.08 3429.47 3435.88 3442.31 3448.75 3455.21 3461.69 3468.18 3474.69 3481.22 3487.76 3494.32 3500.90 3507.49 3514.10 3520.72 3527.36 3533.98 3539.84 3544.61 3549.23 3553.88 3558.55 3563.24 3567.95 3572.68 3577.44 3582.22 3587.01 3591.83 3596.67 3601.54 3606.42 3611.32 3616.25 3621.20 3626.16 3631.15 3635.39 3636.99 3637.81 3638.66 3639.54
3283.15 3289.08 3295.04 3301.01 3307.00 3313.01 3319.05 3325.10 3331.17 3337.25 3343.36 3349.49 3355.63 3361.80 3367.98 3374.18 3380.39 3386.63 3392.88 3399.16 3405.45 3411.75 3418.08 3424.42 3430.78 3437.16 3443.55 3449.97 3456.40 3462.84 3469.30 3475.78 3482.28 3488.79 3495.32 3501.87 3508.43 3515.01 3521.60 3528.21 3534.84 3541.48 3547.99 3553.44 3558.10 3562.73 3567.39 3572.07 3576.77 3581.49 3586.23 3591.00 3595.78 3600.59 3605.42 3610.27 3615.14 3620.04 3624.95 3629.89 3634.84 3639.82 3644.56 3646.95 3647.78 3648.63 3649.50
3291.21 3297.13 3303.07 3309.03 3315.01 3321.00 3327.02 3333.06 3339.11 3345.19 3351.28 3357.39 3363.52 3369.67 3375.84 3382.02 3388.22 3394.45 3400.69 3406.94 3413.22 3419.51 3425.82 3432.15 3438.50 3444.86 3451.24 3457.64 3464.05 3470.49 3476.93 3483.40 3489.88 3496.38 3502.89 3509.43 3515.97 3522.54 3529.12 3535.71 3542.33 3548.95 3555.60 3561.88 3566.97 3571.59 3576.24 3580.90 3585.59 3590.30 3595.03 3599.79 3604.56 3609.36 3614.18 3619.01 3623.87 3628.76 3633.66 3638.58 3643.52 3648.49 3653.46 3656.73 3657.74 3658.59 3659.46
3299.28 3305.19 3311.11 3317.06 3323.02 3329.00 3335.01 3341.03 3347.07 3353.13 3359.21 3365.30 3371.42 3377.55 3383.71 3389.88 3396.07 3402.27 3408.50 3414.74 3421.00 3427.28 3433.58 3439.89 3446.23 3452.57 3458.94 3465.32 3471.72 3478.14 3484.58 3491.03 3497.49 3503.98 3510.48 3517.00 3523.53 3530.08 3536.65 3543.23 3549.83 3556.44 3563.07 3569.69 3575.63 3580.46 3585.09 3589.74 3594.42 3599.12 3603.84 3608.58 3613.35 3618.13 3622.94 3627.76 3632.61 3637.48 3642.37 3647.28 3652.21 3657.17 3662.14 3666.22 3667.71 3668.55 3669.42
3307.37 3313.26 3319.17 3325.10 3331.05 3337.01 3343.00 3349.01 3355.04 3361.08 3367.15 3373.23 3379.33 3385.45 3391.59 3397.74 3403.92 3410.11 3416.32 3422.55 3428.80 3435.06 3441.35 3447.65 3453.96 3460.30 3466.65 3473.02 3479.41 3485.81 3492.23 3498.67 3505.12 3511.59 3518.08 3524.58 3531.10 3537.64 3544.19 3550.76 3557.34 3563.94 3570.56 3577.19 3583.72 3589.26 3593.95 3598.59 3603.26 3607.94 3612.65 3617.38 3622.14 3626.91 3631.70 3636.52 3641.35 3646.21 3651.09 3655.99 3660.91 3665.85 3670.81 3675.45 3677.67 3678.51 3679.38
3315.46 3321.34 3327.23 3333.15 3339.08 3345.04 3351.01 3357.00 3363.01 3369.05 3375.10 3381.16 3387.25 3393.36 3399.48 3405.62 3411.78 3417.96 3424.16 3430.37 3436.61 3442.86 3449.13 3455.41 3461.71 3468.03 3474.37 3480.73 3487.10 3493.49 3499.90 3506.32 3512.76 3519.21 3525.69 3532.18 3538.68 3545.20 3551.74 3558.30 3564.87 3571.45 3578.05 3584.67 3591.30 3597.64 3602.81 3607.45 3612.10 3616.78 3621.47 3626.19 3630.93 3635.69 3640.48 3645.28 3650.11 3654.95 3659.82 3664.71 3669.61 3674.54 3679.49 3684.42 3687.50 3688.48 3689.35
3323.56 3329.42 3335.31 3341.21 3347.13 3353.07 3359.03 3365.01 3371.00 3377.02 3383.06 3389.11 3395.18 3401.27 3407.38 3413.51 3419.66 3425.82 3432.01 3438.21 3444.43 3450.66 3456.92 3463.19 3469.48 3475.78 3482.11 3488.45 3494.81 3501.18 3507.57 3513.98 3520.41 3526.85 3533.31 3539.78 3546.28 3552.78 3559.31 3565.85 3572.40 3578.98 3585.56 3592.17 3598.79 3605.41 3611.43 3616.31 3620.95 3625.61 3630.30 3635.01 3639.73 3644.48 3649.26 3654.05 3658.86 3663.70 3668.55 3673.43 3678.32 3683.24 3688.18 3693.14 3697.06 3698.44 3699.31
3331.68 3337.52 3343.39 3349.28 3355.19 3361.11 3367.06 3373.02 3379.00 3385.01 3391.03 3397.07 3403.13 3409.20 3415.30 3421.41 3427.55 3433.70 3439.86 3446.05 3452.26 3458.48 3464.72 3470.97 3477.25 3483.54 3489.85 3496.18 3502.52 3508.88 3515.26 3521.66 3528.07 3534.50 3540.94 3547.40 3553.88 3560.37 3566.88 3573.41 3579.95 3586.51 3593.09 3599.68 3606.28 3612.90 3619.46 3625.09 3629.80 3634.46 3639.13 3643.83 3648.54 3653.28 3658.04 3662.82 3667.62 3672.45 3677.29 3682.16 3687.04 3691.95 3696.87 3701.82 3706.35 3708.41 3709.27
3339.80 3345.63 3351.49 3357.36 3363.25 3369.16 3375.10 3381.05 3387.01 3393.00 3399.01 3405.04 3411.08 3417.14 3423.22 3429.32 3435.44 3441.58 3447.73 3453.91 3460.10 3466.30 3472.53 3478.77 3485.03 3491.31 3497.61 3503.92 3510.25 3516.60 3522.96 3529.34 3535.74 3542.16 3548.59 3555.03 3561.50 3567.98 3574.47 3580.99 3587.52 3594.06 3600.62 3607.20 3613.79 3620.40 3627.02 3633.40 3638.66 3643.30 3647.97 3652.65 3657.36 3662.08 3666.83 3671.60 3676.39 3681.20 3686.04 3690.89 3695.76 3700.66 3705.57 3710.51 3715.39 3718.30 3719.23
3347.93 3353.75 3359.59 3365.45 3371.33 3377.23 3383.14 3389.08 3395.04 3401.01 3407.00 3413.01 3419.04 3425.09 3431.16 3437.25 3443.35 3449.47 3455.61 3461.77 3467.95 3474.14 3480.35 3486.58 3492.83 3499.10 3505.38 3511.68 3517.99 3524.33 3530.68 3537.04 3543.43 3549.83 3556.24 3562.68 3569.13 3575.59 3582.08 3588.57 3595.09 3601.62 3608.17 3614.73 3621.31 3627.90 3634.51 3641.14 3647.22 3652.16 3656.81 3661.48 3666.18 3670.89 3675.63 3680.39 3685.17 3689.97 3694.79 3699.63 3704.49 3709.38 3714.28 3719.20 3724.15 3727.90 3729.19
3356.08 3361.88 3367.71 3373.55 3379.42 3385.30 3391.20 3397.13 3403.07 3409.03 3415.01 3421.00 3427.02 3433.05 3439.11 3445.18 3451.27 3457.38 3463.50 3469.65 3475.81 3481.99 3488.19 3494.41 3500.64 3506.89 3513.16 3519.44 3525.74 3532.06 3538.40 3544.75 3551.12 3557.51 3563.91 3570.33 3576.77 3583.22 3589.69 3596.17 3602.67 3609.19 3615.72 3622.27 3628.84 3635.42 3642.01 3648.63 3655.19 3660.91 3665.66 3670.32 3675.01 3679.71 3684.44 3689.18 3693.95 3698.74 3703.55 3708.38 3713.23 3718.10 3722.99 3727.90 3732.84 3737.26 3739.15
3364.23 3370.02 3375.84 3381.67 3387.52 3393.39 3399.27 3405.18 3411.11 3417.06 3423.02 3429.00 3435.01 3441.03 3447.07 3453.12 3459.20 3465.29 3471.41 3477.54 3483.69 3489.85 3496.04 3502.24 3508.46 3514.69 3520.95 3527.22 3533.51 3539.81 3546.13 3552.47 3558.83 3565.20 3571.59 3578.00 3584.42 3590.86 3597.31 3603.79 3610.27 3616.78 3623.29 3629.83 3636.38 3642.95 3649.53 3656.13 3662.74 3669.16 3674.49 3679.17 3683.84 3688.53 3693.25 3697.98 3702.74 3707.51 3712.31 3717.13 3721.97 3726.83 3731.71 3736.61 3741.53 3746.34 3749.07
3372.40 3378.18 3383.97 3389.79 3395.62 3401.48 3407.35 3413.25 3419.16 3425.09 3431.04 3437.01 3443.00 3449.01 3455.03 3461.08 3467.14 3473.22 3479.32 3485.44 3491.57 3497.72 3503.89 3510.08 3516.29 3522.51 3528.75 3535.01 3541.28 3547.57 3553.88 3560.21 3566.55 3572.91 3579.28 3585.68 3592.08 3598.51 3604.95 3611.41 3617.88 3624.37 3630.88 3637.40 3643.94 3650.49 3657.06 3663.64 3670.24 3676.86 3683.01 3688.02 3692.68 3697.36 3702.06 3706.79 3711.53 3716.30 3721.08 3725.89 3730.72 3735.57 3740.44 3745.33 3750.24 3755.17 3758.74
3380.57 3386.34 3392.12 3397.92 3403.74 3409.58 3415.45 3421.33 3427.22 3433.14 3439.08 3445.04 3451.01 3457.00 3463.01 3469.04 3475.09 3481.16 3487.24 3493.35 3499.47 3505.60 3511.76 3517.94 3524.13 3530.34 3536.56 3542.80 3549.07 3555.34 3561.64 3567.95 3574.28 3580.62 3586.99 3593.36 3599.76 3606.17 3612.60 3619.04 3625.50 3631.98 3638.47 3644.98 3651.50 3658.04 3664.60 3671.17 3677.75 3684.35 3690.92 3696.74 3701.52 3706.19 3710.88 3715.60 3720.33 3725.09 3729.86 3734.66 3739.47 3744.31 3749.17 3754.05 3758.95 3763.86 3768.16
3388.76 3394.51 3400.27 3406.06 3411.87 3417.70 3423.55 3429.41 3435.30 3441.20 3447.12 3453.07 3459.03 3465.01 3471.00 3477.02 3483.05 3489.11 3495.18 3501.27 3507.37 3513.50 3519.64 3525.80 3531.98 3538.17 3544.39 3550.61 3556.86 3563.13 3569.41 3575.71 3582.02 3588.35 3594.70 3601.06 3607.45 3613.84 3620.26 3626.69 3633.13 3639.60 3646.08 3652.57 3659.08 3665.61 3672.15 3678.70 3685.28 3691.86 3698.47 3704.93 3710.34 3715.03 3719.71 3724.41 3729.14 3733.88 3738.65 3743.43 3748.24 3753.06 3757.91 3762.77 3767.66 3772.57 3777.31
3396.95 3402.69 3408.44 3414.22 3420.01 3425.82 3431.66 3437.51 3443.38 3449.27 3455.18 3461.11 3467.05 3473.02 3479.00 3485.01 3491.03 3497.07 3503.12 3509.20 3515.29 3521.40 3527.53 3533.68 3539.84 3546.02 3552.22 3558.44 3564.67 3570.92 3577.19 3583.47 3589.77 3596.09 3602.43 3608.78 3615.14 3621.53 3627.93 3634.35 3640.78 3647.23 3653.69 3660.17 3666.67 3673.18 3679.71 3686.25 3692.81 3699.39 3705.98 3712.58 3718.81 3723.88 3728.55 3733.24 3737.95 3742.68 3747.43 3752.21 3757.00 3761.82 3766.65 3771.51 3776.38 3781.28 3786.19
3405.15 3410.87 3416.62 3422.38 3428.16 3433.96 3439.78 3445.62 3451.47 3457.35 3463.25 3469.16 3475.09 3481.04 3487.01 3493.00 3499.01 3505.03 3511.08 3517.14 3523.22 3529.32 3535.43 3541.56 3547.71 3553.88 3560.07 3566.27 3572.49 3578.72 3584.98 3591.25 3597.54 3603.84 3610.16 3616.50 3622.85 3629.22 3635.61 3642.01 3648.43 3654.87 3661.32 3667.79 3674.27 3680.77 3687.28 3693.81 3700.36 3706.92 3713.50 3720.09 3726.67 3732.55 3737.39 3742.07 3746.77 3751.49 3756.23 3760.99 3765.78 3770.58 3775.40 3780.25 3785.11 3790.00 3794.90
3413.37 3419.07 3424.80 3430.55 3436.32 3442.10 3447.91 3453.73 3459.58 3465.44 3471.32 3477.22 3483.14 3489.08 3495.03 3501.01 3507.00 3513.01 3519.04 3525.09 3531.16 3537.24 3543.34 3549.46 3555.60 3561.75 3567.92 3574.11 3580.32 3586.54 3592.78 3599.04 3605.31 3611.60 3617.91 3624.23 3630.57 3636.93 3643.30 3649.69 3656.10 3662.52 3668.96 3675.41 3681.88 3688.37 3694.87 3701.39 3707.92 3714.47 3721.03 3727.61 3734.20 3740.69 3746.18 3750.90 3755.59 3760.30 3765.03 3769.78 3774.56 3779.35 3784.16 3788.99 3793.85 3798.72 3803.61
3421.59 3427.28 3433.00 3438.73 3444.48 3450.26 3456.05 3461.86 3467.69 3473.54 3479.41 3485.29 3491.20 3497.12 3503.07 3509.03 3515.01 3521.00 3527.02 3533.05 3539.11 3545.18 3551.26 3557.37 3563.49 3569.63 3575.79 3581.96 3588.16 3594.37 3600.59 3606.84 3613.10 3619.37 3625.67 3631.98 3638.31 3644.65 3651.01 3657.39 3663.78 3670.19 3676.61 3683.05 3689.51 3695.98 3702.47 3708.97 3715.49 3722.02 3728.57 3735.14 3741.72 3748.31 3754.59 3759.74 3764.42 3769.12 3773.84 3778.58 3783.34 3788.12 3792.92 3797.74 3802.59 3807.45 3812.33
3429.82 3435.50 3441.20 3446.92 3452.66 3458.42 3464.20 3470.00 3475.81 3481.65 3487.50 3493.37 3499.27 3505.18 3511.11 3517.05 3523.02 3529.00 3535.01 3541.03 3547.06 3553.12 3559.19 3565.29 3571.40 3577.52 3583.67 3589.83 3596.01 3602.20 3608.42 3614.65 3620.89 3627.16 3633.44 3639.73 3646.05 3652.38 3658.72 3665.09 3671.47 3677.86 3684.27 3690.70 3697.14 3703.60 3710.08 3716.57 3723.07 3729.59 3736.13 3742.68 3749.25 3755.83 3762.41 3768.37 3773.26 3777.94 3782.65 3787.38 3792.13 3796.90 3801.69 3806.50 3811.33 3816.18 3821.06
3438.06 3443.73 3449.42 3455.12 3460.85 3466.59 3472.36 3478.14 3483.94 3489.77 3495.61 3501.47 3507.34 3513.24 3519.16 3525.09 3531.04 3537.01 3543.00 3549.01 3555.03 3561.08 3567.14 3573.22 3579.31 3585.42 3591.55 3597.70 3603.87 3610.05 3616.25 3622.47 3628.70 3634.95 3641.22 3647.50 3653.80 3660.12 3666.45 3672.80 3679.17 3685.55 3691.95 3698.36 3704.79 3711.24 3717.70 3724.17 3730.67 3737.17 3743.70 3750.24 3756.79 3763.36 3769.94 3776.45 3782.03 3786.78 3791.47 3796.19 3800.93 3805.69 3810.47 3815.27 3820.09 3824.93 3829.79
3446.31 3451.97 3457.64 3463.33 3469.04 3474.78 3480.53 3486.30 3492.09 3497.89 3503.72 3509.57 3515.43 3521.32 3527.22 3533.14 3539.08 3545.03 3551.01 3557.00 3563.01 3569.04 3575.09 3581.15 3587.24 3593.34 3599.45 3605.59 3611.74 3617.91 3624.10 3630.30 3636.52 3642.76 3649.01 3655.28 3661.57 3667.87 3674.19 3680.53 3686.88 3693.25 3699.63 3706.03 3712.45 3718.88 3725.33 3731.79 3738.27 3744.77 3751.28 3757.80 3764.34 3770.90 3777.47 3784.05 3790.38 3795.61 3800.30 3805.01 3809.73 3814.48 3819.25 3824.04 3828.85 3833.68 3838.52
3454.57 3460.21 3465.87 3471.55 3477.25 3482.97 3488.71 3494.46 3500.24 3506.03 3511.85 3517.68 3523.53 3529.40 3535.29 3541.20 3547.12 3553.06 3559.03 3565.01 3571.00 3577.02 3583.05 3589.10 3595.17 3601.26 3607.36 3613.48 3619.62 3625.78 3631.95 3638.14 3644.35 3650.57 3656.81 3663.07 3669.34 3675.63 3681.94 3688.26 3694.60 3700.95 3707.33 3713.71 3720.12 3726.54 3732.97 3739.42 3745.89 3752.37 3758.87 3765.38 3771.91 3778.45 3785.01 3791.58 3798.16 3804.19 3809.13 3813.83 3818.54 3823.28 3828.04 3832.81 3837.61 3842.43 3847.27
3461.26 3467.69 3474.11 3479.78 3485.46 3491.17 3496.89 3502.64 3508.40 3514.18 3519.98 3525.80 3531.64 3537.49 3543.37 3549.26 3555.17 3561.10 3567.05 3573.02 3579.00 3585.01 3591.03 3597.06 3603.12 3609.19 3615.28 3621.39 3627.52 3633.66 3639.82 3645.99 3652.19 3658.40 3664.62 3670.87 3677.13 3683.40 3689.70 3696.01 3702.33 3708.67 3715.03 3721.41 3727.80 3734.20 3740.62 3747.06 3753.51 3759.98 3766.47 3772.97 3779.48 3786.01 3792.55 3799.11 3805.69 3812.21 3817.88 3822.65 3827.36 3832.08 3836.83 3841.60 3846.38 3851.19 3856.02
