2_day/landslide_modelling/data/distroad.asc
NCOLS 367
NROWS 415
XLLCORNER 712367.500000
YLLCORNER 9557227.500000
CELLSIZE 10.000000
NODATA_VALUE -99999.000000
[rows 145 to 173 of 415, columns 0 to 66 of 367]
-99999.00 -99999.00 -99999.00 -99999.00 -99999.00 -99999.00 -99999.00 256.22 260.29 263.09 264.80 266.86 269.29 272.06 275.16 278.32 281.54 285.07 288.91 293.03 297.43 302.10 307.03 312.20 317.60 323.21 329.04 335.06 341.27 347.66 354.21 360.92 367.79 374.78 381.85 388.99 396.25 403.63 411.12 418.71 426.40 434.19 442.06 450.02 458.06 466.17 474.36 482.61 490.93 499.32 507.76 516.25 524.80 533.40 542.05 550.74 559.48 568.26 577.08 585.93 594.82 603.75 612.69 621.64 630.59 639.56 648.57
-99999.00 -99999.00 -99999.00 -99999.00 -99999.00 -99999.00 -99999.00 -99999.00 267.30 271.57 274.62 276.62 278.96 281.63 284.63 287.81 290.98 294.39 298.11 302.10 306.38 310.91 315.70 320.73 325.99 331.46 337.14 343.03 349.09 355.34 361.75 368.33 375.06 381.92 388.92 395.99 403.13 410.39 417.75 425.23 432.80 440.47 448.24 456.09 464.02 472.03 480.12 488.28 496.50 504.79 513.14 521.55 530.02 538.53 547.10 555.71 564.37 573.08 581.82 590.61 599.43 608.29 617.18 626.11 635.05 644.00 652.95
-99999.00 -99999.00 -99999.00 -99999.00 -99999.00 -99999.00 -99999.00 -99999.00 -99999.00 278.66 281.68 285.14 288.65 291.23 294.14 297.29 300.44 303.75 307.35 311.23 315.38 319.79 324.45 329.34 334.46 339.80 345.35 351.09 357.02 363.13 369.41 375.85 382.45 389.19 396.06 403.06 410.14 417.27 424.52 431.88 439.34 446.90 454.55 462.30 470.12 478.03 486.02 494.08 502.21 510.41 518.67 526.99 535.37 543.80 552.28 560.82 569.40 578.03 586.70 595.41 604.17 612.96 621.79 630.65 639.54 648.47 657.41
-99999.00 -99999.00 -99999.00 -99999.00 -99999.00 -99999.00 -99999.00 -99999.00 -99999.00 -99999.00 -99999.00 292.32 293.50 296.04 300.46 304.41 307.57 312.05 316.65 320.42 324.45 328.73 333.27 338.03 343.03 348.23 353.65 359.26 365.06 371.03 377.18 383.49 389.96 396.57 403.32 410.20 417.21 424.28 431.41 438.65 446.00 453.45 461.00 468.63 476.36 484.17 492.05 500.02 508.05 516.16 524.32 532.56 540.85 549.20 557.60 566.05 574.56 583.11 591.71 600.35 609.03 617.75 626.51 635.31 644.14 653.01 661.90
-99999.00 -99999.00 -99999.00 -99999.00 -99999.00 -99999.00 -99999.00 -99999.00 -99999.00 -99999.00 -99999.00 -99999.00 -99999.00 -99999.00 -99999.00 -99999.00 -99999.00 319.53 321.31 325.02 329.00 335.46 339.92 344.59 351.43 356.74 362.03 367.51 373.18 379.03 385.05 391.24 397.58 404.06 410.69 417.45 424.34 431.35 438.42 445.55 452.79 460.13 467.56 475.10 482.72 490.42 498.21 506.08 514.02 522.03 530.11 538.25 546.46 554.72 563.04 571.42 579.84 588.32 596.84 605.41 614.02 622.67 631.36 640.09 648.86 657.66 666.50
-99999.00 -99999.00 -99999.00 -99999.00 -99999.00 -99999.00 -99999.00 -99999.00 -99999.00 -99999.00 -99999.00 -99999.00 -99999.00 -99999.00 -99999.00 -99999.00 -99999.00 -99999.00 -99999.00 -99999.00 -99999.00 -99999.00 -99999.00 -99999.00 357.23 361.02 366.25 375.36 381.40 387.13 393.02 399.08 405.30 411.66 418.17 424.81 431.59 438.48 445.49 452.56 459.69 466.92 474.25 481.68 489.20 496.81 504.50 512.27 520.11 528.03 536.02 544.07 552.19 560.37 568.61 576.90 585.25 593.65 602.09 610.59 619.13 627.71 636.33 644.99 653.69 662.43 671.21
-99999.00 -99999.00 -99999.00 -99999.00 -99999.00 -99999.00 -99999.00 -99999.00 -99999.00 -99999.00 -99999.00 -99999.00 -99999.00 -99999.00 -99999.00 -99999.00 -99999.00 -99999.00 -99999.00 -99999.00 -99999.00 -99999.00 -99999.00 -99999.00 -99999.00 -99999.00 -99999.00 386.95 389.70 395.31 401.08 407.02 413.12 419.36 425.75 432.28 438.94 445.72 452.62 459.63 466.70 473.83 481.06 488.38 495.80 503.31 510.90 518.57 526.32 534.15 542.05 550.02 558.05 566.14 574.30 582.51 590.78 599.10 607.47 615.89 624.35 632.86 641.42 650.01 658.65 667.32 676.03
-99999.00 -99999.00 -99999.00 -99999.00 -99999.00 -99999.00 -99999.00 -99999.00 -99999.00 -99999.00 -99999.00 -99999.00 -99999.00 -99999.00 -99999.00 -99999.00 -99999.00 -99999.00 -99999.00 -99999.00 -99999.00 -99999.00 -99999.00 -99999.00 -99999.00 -99999.00 -99999.00 395.39 398.08 403.57 409.23 415.05 421.03 427.16 433.44 439.85 446.39 453.06 459.86 466.76 473.77 480.84 487.97 495.19 502.51 509.92 517.41 524.99 532.65 540.39 548.19 556.07 564.02 572.03 580.10 588.23 596.42 604.66 612.96 621.30 629.70 638.14 646.62 655.15 663.71 672.32 680.97
-99999.00 -99999.00 -99999.00 -99999.00 -99999.00 -99999.00 -99999.00 -99999.00 -99999.00 -99999.00 -99999.00 -99999.00 -99999.00 -99999.00 -99999.00 -99999.00 -99999.00 -99999.00 -99999.00 -99999.00 -99999.00 -99999.00 -99999.00 -99999.00 -99999.00 -99999.00 -99999.00 403.89 406.53 411.91 417.45 423.16 429.03 435.05 441.21 447.51 453.95 460.51 467.19 473.99 480.90 487.92 494.99 502.11 509.33 516.64 524.04 531.52 539.09 546.73 554.45 562.24 570.10 578.03 586.02 594.07 602.18 610.34 618.56 626.83 635.15 643.52 651.93 660.39 668.89 677.43 686.02
-99999.00 -99999.00 -99999.00 -99999.00 -99999.00 -99999.00 -99999.00 -99999.00 -99999.00 -99999.00 -99999.00 -99999.00 -99999.00 -99999.00 -99999.00 -99999.00 -99999.00 -99999.00 -99999.00 -99999.00 -99999.00 -99999.00 -99999.00 -99999.00 -99999.00 -99999.00 -99999.00 412.47 415.05 420.32 425.75 431.35 437.11 443.02 449.07 455.27 461.59 468.05 474.62 481.32 488.13 495.04 502.06 509.13 516.25 523.47 530.77 538.16 545.63 553.19 560.82 568.52 576.30 584.14 592.04 600.01 608.04 616.13 624.27 632.47 640.72 649.01 657.36 665.75 674.18 682.65 691.17
-99999.00 -99999.00 -99999.00 -99999.00 -99999.00 -99999.00 -99999.00 -99999.00 -99999.00 -99999.00 -99999.00 -99999.00 -99999.00 -99999.00 -99999.00 -99999.00 -99999.00 -99999.00 -99999.00 -99999.00 -99999.00 -99999.00 -99999.00 -99999.00 -99999.00 -99999.00 -99999.00 421.10 423.64 428.80 434.13 439.62 445.27 451.07 457.02 463.11 469.33 475.67 482.15 488.74 495.45 502.26 509.18 516.20 523.27 530.39 537.60 544.90 552.28 559.75 567.29 574.91 582.59 590.35 598.18 606.07 614.02 622.03 630.09 638.21 646.39 654.61 662.89 671.21 679.57 687.98 696.43
-99999.00 -99999.00 -99999.00 -99999.00 -99999.00 -99999.00 -99999.00 -99999.00 -99999.00 -99999.00 -99999.00 -99999.00 -99999.00 -99999.00 -99999.00 -99999.00 -99999.00 -99999.00 -99999.00 -99999.00 -99999.00 -99999.00 -99999.00 -99999.00 -99999.00 -99999.00 -99999.00 425.44 432.37 437.34 442.57 447.96 453.50 459.20 465.04 471.03 477.14 483.39 489.76 496.25 502.86 509.57 516.40 523.32 530.34 537.41 544.53 551.74 559.03 566.41 573.86 581.39 589.00 596.67 604.41 612.22 620.09 628.03 636.02 644.06 652.16 660.32 668.52 676.77 685.07 693.41 701.80
-99999.00 -99999.00 -99999.00 -99999.00 -99999.00 -99999.00 -99999.00 -99999.00 -99999.00 -99999.00 -99999.00 -99999.00 -99999.00 -99999.00 -99999.00 -99999.00 -99999.00 -99999.00 -99999.00 -99999.00 -99999.00 -99999.00 -99999.00 -99999.00 -99999.00 -99999.00 -99999.00 -99999.00 442.20 445.94 451.07 456.36 461.81 467.40 473.15 479.03 485.04 491.19 497.46 503.85 510.36 516.98 523.70 530.53 537.46 544.48 551.55 558.67 565.88 573.16 580.53 587.98 595.50 603.09 610.75 618.48 626.27 634.13 642.04 650.01 658.04 666.12 674.25 682.43 690.66 698.94 707.26
-99999.00 -99999.00 -99999.00 -99999.00 -99999.00 -99999.00 -99999.00 -99999.00 -99999.00 -99999.00 -99999.00 -99999.00 -99999.00 -99999.00 -99999.00 -99999.00 -99999.00 -99999.00 -99999.00 -99999.00 -99999.00 -99999.00 -99999.00 -99999.00 -99999.00 -99999.00 -99999.00 -99999.00 450.93 454.61 459.64 464.83 470.18 475.67 481.32 487.10 493.02 499.07 505.24 511.53 517.94 524.47 531.10 537.84 544.67 551.60 558.62 565.70 572.81 580.01 587.30 594.66 602.09 609.60 617.18 624.83 632.55 640.33 648.16 656.06 664.02 672.02 680.09 688.20 696.36 704.57 712.82
-99999.00 -99999.00 -99999.00 -99999.00 -99999.00 -99999.00 -99999.00 -99999.00 -99999.00 -99999.00 -99999.00 -99999.00 -99999.00 -99999.00 -99999.00 -99999.00 -99999.00 -99999.00 -99999.00 -99999.00 -99999.00 -99999.00 -99999.00 -99999.00 -99999.00 -99999.00 -99999.00 -99999.00 459.72 463.32 468.26 473.36 478.61 484.01 489.56 495.24 501.07 507.02 513.10 519.29 525.61 532.04 538.58 545.22 551.97 558.81 565.74 572.77 579.84 586.96 594.15 601.43 608.78 616.21 623.71 631.28 638.92 646.62 654.38 662.21 670.09 678.02 686.02 694.06 702.15 710.29 718.48
-99999.00 -99999.00 -99999.00 -99999.00 -99999.00 -99999.00 -99999.00 -99999.00 -99999.00 -99999.00 -99999.00 -99999.00 -99999.00 -99999.00 -99999.00 -99999.00 -99999.00 -99999.00 -99999.00 -99999.00 -99999.00 -99999.00 -99999.00 -99999.00 -99999.00 -99999.00 -99999.00 -99999.00 468.55 472.09 476.93 481.94 487.10 492.41 497.86 503.45 509.18 515.04 521.02 527.13 533.35 539.69 546.14 552.69 559.34 566.10 572.95 579.89 586.91 593.98 601.10 608.29 615.56 622.91 630.33 637.82 645.38 653.01 660.69 668.44 676.25 684.12 692.04 700.01 708.04 716.11 724.24
-99999.00 -99999.00 -99999.00 -99999.00 -99999.00 -99999.00 -99999.00 -99999.00 -99999.00 -99999.00 -99999.00 -99999.00 -99999.00 -99999.00 -99999.00 -99999.00 -99999.00 -99999.00 -99999.00 -99999.00 -99999.00 -99999.00 -99999.00 -99999.00 -99999.00 -99999.00 -99999.00 -99999.00 477.43 480.90 485.66 490.58 495.65 500.87 506.23 511.73 517.37 523.13 529.02 535.04 541.17 547.42 553.77 560.24 566.80 573.47 580.23 587.08 594.03 601.05 608.12 615.24 622.43 629.70 637.04 644.45 651.93 659.48 667.10 674.77 682.51 690.30 698.15 706.06 714.01 722.02 730.08
-99999.00 -99999.00 -99999.00 -99999.00 -99999.00 -99999.00 -99999.00 -99999.00 -99999.00 -99999.00 -99999.00 -99999.00 -99999.00 -99999.00 -99999.00 -99999.00 -99999.00 -99999.00 -99999.00 -99999.00 -99999.00 -99999.00 -99999.00 -99999.00 -99999.00 -99999.00 -99999.00 -99999.00 486.35 489.76 494.44 499.27 504.25 509.38 514.65 520.06 525.61 531.29 537.09 543.02 549.06 555.22 561.49 567.86 574.34 580.92 587.59 594.36 601.22 608.17 615.19 622.26 629.38 636.57 643.83 651.17 658.57 666.05 673.58 681.19 688.85 696.57 704.36 712.19 720.08 728.02 736.01
-99999.00 -99999.00 -99999.00 -99999.00 -99999.00 -99999.00 -99999.00 -99999.00 -99999.00 -99999.00 -99999.00 -99999.00 -99999.00 -99999.00 -99999.00 -99999.00 -99999.00 -99999.00 -99999.00 -99999.00 -99999.00 -99999.00 -99999.00 -99999.00 -99999.00 -99999.00 -99999.00 -99999.00 495.32 498.66 503.26 508.00 512.90 517.94 523.13 528.46 533.92 539.51 545.22 551.06 557.02 563.09 569.27 575.56 581.95 588.44 595.04 601.72 608.50 615.36 622.31 629.33 636.40 643.52 650.70 657.96 665.29 672.69 680.16 687.69 695.28 702.93 710.65 718.41 726.23 734.11 742.04
-99999.00 -99999.00 -99999.00 -99999.00 -99999.00 -99999.00 -99999.00 -99999.00 -99999.00 -99999.00 -99999.00 -99999.00 -99999.00 -99999.00 -99999.00 -99999.00 -99999.00 -99999.00 -99999.00 -99999.00 -99999.00 -99999.00 -99999.00 -99999.00 -99999.00 -99999.00 -99999.00 -99999.00 504.32 507.61 512.12 516.78 521.60 526.56 531.66 536.90 542.28 547.78 553.41 559.17 565.04 571.02 577.12 583.32 589.63 596.04 602.55 609.15 615.85 622.63 629.50 636.45 643.48 650.55 657.66 664.84 672.10 679.42 686.82 694.27 701.80 709.38 717.02 724.72 732.47 740.28 748.14
-99999.00 -99999.00 -99999.00 -99999.00 -99999.00 -99999.00 -99999.00 -99999.00 -99999.00 -99999.00 -99999.00 -99999.00 -99999.00 -99999.00 -99999.00 -99999.00 -99999.00 -99999.00 -99999.00 -99999.00 -99999.00 -99999.00 -99999.00 -99999.00 -99999.00 -99999.00 -99999.00 -99999.00 513.36 516.59 521.02 525.61 530.35 535.23 540.25 545.41 550.70 556.12 561.66 567.33 573.12 579.02 585.04 591.16 597.38 603.71 610.14 616.66 623.27 629.97 636.76 643.64 650.59 657.62 664.69 671.80 678.98 686.23 693.55 700.94 708.39 715.90 723.48 731.11 738.79 746.54 754.33
-99999.00 -99999.00 -99999.00 -99999.00 -99999.00 -99999.00 -99999.00 -99999.00 -99999.00 -99999.00 -99999.00 -99999.00 -99999.00 -99999.00 -99999.00 -99999.00 -99999.00 -99999.00 -99999.00 -99999.00 -99999.00 -99999.00 -99999.00 -99999.00 -99999.00 -99999.00 -99999.00 -99999.00 522.44 525.61 529.97 534.48 539.14 543.94 548.88 553.96 559.17 564.51 569.97 575.56 581.26 587.08 593.01 599.05 605.20 611.45 617.79 624.23 630.77 637.39 644.10 650.90 657.77 664.73 671.76 678.83 685.94 693.12 700.37 707.68 715.06 722.51 730.01 737.57 745.20 752.87 760.60
-99999.00 -99999.00 -99999.00 -99999.00 -99999.00 -99999.00 -99999.00 -99999.00 -99999.00 -99999.00 -99999.00 -99999.00 -99999.00 -99999.00 -99999.00 -99999.00 -99999.00 -99999.00 -99999.00 -99999.00 -99999.00 -99999.00 -99999.00 -99999.00 -99999.00 -99999.00 -99999.00 -99999.00 531.54 534.66 538.95 543.38 547.97 552.69 557.55 562.55 567.69 572.95 578.33 583.84 589.46 595.20 601.05 607.01 613.08 619.25 625.51 631.88 638.33 644.88 651.51 658.23 665.03 671.91 678.87 685.90 692.97 700.08 707.26 714.50 721.81 729.19 736.63 744.12 751.68 759.29 766.95
-99999.00 -99999.00 -99999.00 -99999.00 -99999.00 -99999.00 -99999.00 -99999.00 -99999.00 -99999.00 -99999.00 -99999.00 -99999.00 -99999.00 -99999.00 -99999.00 -99999.00 -99999.00 -99999.00 -99999.00 -99999.00 -99999.00 -99999.00 -99999.00 -99999.00 -99999.00 -99999.00 -99999.00 540.68 543.75 547.97 552.33 556.84 561.49 566.27 571.20 576.25 581.43 586.74 592.17 597.72 603.38 609.15 615.03 621.02 627.11 633.30 639.58 645.96 652.43 658.99 665.63 672.36 679.17 686.05 693.01 700.04 707.11 714.22 721.40 728.64 735.95 743.31 750.74 758.23 765.78 773.38
-99999.00 -99999.00 -99999.00 -99999.00 -99999.00 -99999.00 -99999.00 -99999.00 -99999.00 -99999.00 -99999.00 -99999.00 -99999.00 -99999.00 -99999.00 -99999.00 -99999.00 -99999.00 -99999.00 -99999.00 -99999.00 -99999.00 -99999.00 -99999.00 -99999.00 -99999.00 -99999.00 -99999.00 549.85 552.87 557.02 561.31 565.74 570.32 575.04 579.89 584.86 589.97 595.20 600.56 606.03 611.61 617.31 623.11 629.02 635.03 641.14 647.35 653.66 660.05 666.53 673.10 679.75 686.49 693.30 700.19 707.15 714.19 721.26 728.37 735.54 742.78 750.08 757.44 764.86 772.34 779.88
-99999.00 -99999.00 -99999.00 -99999.00 -99999.00 -99999.00 -99999.00 -99999.00 -99999.00 -99999.00 -99999.00 -99999.00 -99999.00 -99999.00 -99999.00 -99999.00 -99999.00 -99999.00 -99999.00 -99999.00 -99999.00 -99999.00 -99999.00 -99999.00 -99999.00 -99999.00 -99999.00 -99999.00 559.05 562.02 566.10 570.32 574.69 579.19 583.84 588.61 593.52 598.55 603.71 608.99 614.38 619.89 625.51 631.24 637.08 643.01 649.05 655.18 661.41 667.73 674.14 680.64 687.22 693.88 700.62 707.44 714.33 721.30 728.33 735.40 742.51 749.68 756.91 764.21 771.57 778.98 786.46
-99999.00 -99999.00 -99999.00 -99999.00 -99999.00 -99999.00 -99999.00 -99999.00 -99999.00 -99999.00 -99999.00 -99999.00 -99999.00 -99999.00 -99999.00 -99999.00 -99999.00 -99999.00 -99999.00 -99999.00 -99999.00 -99999.00 -99999.00 -99999.00 -99999.00 -99999.00 -99999.00 -99999.00 568.28 571.20 575.21 579.37 583.67 588.10 592.68 597.38 602.22 607.18 612.26 617.47 622.79 628.22 633.77 639.43 645.19 651.05 657.01 663.07 669.23 675.48 681.81 688.23 694.74 701.33 708.00 714.75 721.57 728.47 735.44 742.47 749.54 756.65 763.82 771.05 778.34 785.70 793.11
-99999.00 -99999.00 -99999.00 -99999.00 -99999.00 -99999.00 -99999.00 -99999.00 -99999.00 -99999.00 -99999.00 -99999.00 -99999.00 -99999.00 -99999.00 -99999.00 -99999.00 -99999.00 -99999.00 -99999.00 -99999.00 -99999.00 -99999.00 -99999.00 -99999.00 -99999.00 -99999.00 -99999.00 577.53 580.40 584.35 588.44 592.68 597.05 601.55 606.19 610.96 615.85 620.86 625.99 631.24 636.61 642.08 647.66 653.35 659.14 665.03 671.02 677.10 683.28 689.54 695.89 702.33 708.85 715.45 722.13 728.88 735.71 742.61 749.58 756.61 763.68 770.79 777.96 785.19 792.48 799.82
-99999.00 -99999.00 -99999.00 -99999.00 -99999.00 -99999.00 -99999.00 -99999.00 -99999.00 -99999.00 -99999.00 -99999.00 -99999.00 -99999.00 -99999.00 -99999.00 -99999.00 -99999.00 -99999.00 -99999.00 -99999.00 -99999.00 -99999.00 -99999.00 -99999.00 -99999.00 -99999.00 -99999.00 586.80 589.63 593.52 597.55 601.72 606.03 610.46 615.03 619.73 624.55 629.50 634.56 639.74 645.03 650.44 655.95 661.56 667.28 673.10 679.02 685.03 691.13 697.33 703.61 709.98 716.43 722.96 729.57 736.25 743.01 749.84 756.75 763.72 770.75 777.82 784.93 792.10 799.32 806.61
