2_day/landslide_modelling/data/distroad.asc
NCOLS 367
NROWS 415
XLLCORNER 712367.500000
YLLCORNER 9557227.500000
CELLSIZE 10.000000
NODATA_VALUE -99999.000000
[rows 58 to 86 of 415, columns 67 to 133 of 367]
93.48 95.16 96.26 98.32 100.09 101.20 103.16 105.67 103.99 98.41 91.94 84.89 77.82 70.75 63.68 56.67 50.17 44.73 38.87 31.93 24.89 18.49 13.57 7.52 2.45 3.56 7.85 14.35 21.28 26.94 32.27 38.98 46.04 53.10 60.16 67.23 74.44 82.11 90.23 98.70 107.43 116.32 125.26 134.22 143.24 152.37 161.61 170.93 180.32 189.78 199.29 208.85 218.44 228.07 237.73 247.42 257.13 266.86 276.62 286.39 296.17 305.97 315.78 325.60 335.44 345.28 355.13
83.76 85.24 86.41 88.63 90.22 91.33 93.50 96.18 95.30 90.23 84.49 77.82 70.75 63.68 56.62 49.55 42.56 36.29 31.11 24.89 17.89 11.00 5.59 2.45 4.48 10.87 16.03 21.47 28.38 35.08 40.49 46.28 53.10 60.16 67.23 74.29 81.36 88.55 96.13 104.12 112.44 121.00 129.78 138.67 147.61 156.57 165.58 174.69 183.89 193.18 202.53 211.94 221.40 230.90 240.45 250.03 259.65 269.29 278.96 288.65 298.36 308.09 317.83 327.59 337.37 347.16 356.95
74.05 75.28 76.59 78.90 80.26 81.50 83.91 86.67 86.19 82.02 76.38 70.53 63.68 56.62 49.55 42.49 35.43 28.48 22.68 17.57 11.00 4.48 2.45 5.59 11.00 17.89 24.34 29.44 35.51 42.49 48.85 54.24 60.35 67.23 74.29 81.36 88.43 95.50 102.67 110.19 118.07 126.26 134.69 143.32 152.12 161.03 169.97 178.92 187.93 197.02 206.20 215.45 224.76 234.13 243.55 253.02 262.52 272.06 281.63 291.23 300.86 310.51 320.18 329.87 339.58 349.31 359.05
64.38 65.32 66.83 69.23 70.30 71.71 74.44 77.14 76.59 73.50 68.11 62.61 56.54 49.55 42.49 35.43 28.38 21.35 14.53 9.61 4.48 2.45 7.52 13.57 18.49 24.89 31.89 37.91 43.21 49.61 56.54 62.61 68.13 74.44 81.36 88.43 95.50 102.56 109.63 116.80 124.26 132.07 140.15 148.46 156.98 165.66 174.48 183.39 192.32 201.28 210.28 219.36 228.51 237.73 247.02 256.35 265.74 275.17 284.63 294.14 303.67 313.24 322.83 332.44 342.08 351.73 361.41
54.62 55.38 57.16 59.51 60.35 61.98 65.00 67.58 66.83 64.47 59.93 54.24 48.85 42.49 35.43 28.38 21.35 14.35 7.52 3.01 3.01 7.52 14.35 21.28 26.94 32.27 38.98 45.86 51.56 57.15 63.73 70.53 76.38 82.11 88.55 95.50 102.56 109.63 116.70 123.77 130.93 138.35 146.09 154.08 162.30 170.71 179.28 187.99 196.83 205.74 214.68 223.64 232.63 241.70 250.83 260.03 269.29 278.60 287.95 297.35 306.78 316.25 325.76 335.29 344.84 354.42 364.03
44.89 45.46 47.61 49.76 50.42 52.36 55.55 58.03 57.16 54.98 51.45 46.10 40.49 35.08 28.38 21.35 14.35 7.52 2.45 4.48 9.61 14.53 21.35 28.38 35.08 40.49 46.28 53.10 59.75 65.32 71.18 77.85 84.49 90.23 96.13 102.67 109.63 116.70 123.77 130.84 137.91 145.06 152.45 160.13 168.05 176.19 184.50 192.98 201.60 210.34 219.18 228.10 237.04 246.00 254.98 264.04 273.16 282.34 291.58 300.86 310.19 319.56 328.96 338.40 347.87 357.37 366.90
35.00 35.59 38.15 39.97 40.52 42.92 46.11 48.67 47.61 45.35 42.56 37.91 32.23 26.94 21.28 14.35 7.52 2.45 4.48 11.00 17.57 22.68 28.48 35.43 42.49 48.85 54.24 60.35 67.21 73.58 79.16 85.24 91.97 98.41 104.12 110.19 116.80 123.77 130.84 137.91 144.98 152.05 159.19 166.56 174.19 182.05 190.11 198.35 206.74 215.27 223.92 232.68 241.54 250.46 259.40 268.35 277.34 286.39 295.49 304.66 313.87 323.14 332.44 341.78 351.16 360.58 370.02
25.00 25.83 28.73 30.00 30.69 33.53 36.63 39.31 38.15 35.59 33.38 29.25 24.34 18.49 13.57 7.52 2.45 4.48 11.00 17.89 24.89 31.11 36.29 42.56 49.55 56.54 62.61 68.13 74.44 81.27 87.43 93.09 99.33 106.05 112.31 118.07 124.26 130.93 137.91 144.98 152.05 159.12 166.19 173.33 180.67 188.26 196.07 204.06 212.23 220.55 229.00 237.57 246.26 255.03 263.90 272.82 281.76 290.71 299.69 308.73 317.83 326.98 336.18 345.42 354.71 364.03 373.39
15.00 16.35 19.39 20.00 21.03 24.22 27.24 29.74 28.73 25.83 24.05 20.36 16.03 10.87 5.59 2.45 4.48 11.00 17.89 24.89 31.93 38.87 44.73 50.17 56.67 63.68 70.53 76.38 82.11 88.55 95.31 101.28 107.08 113.43 120.10 126.21 132.07 138.35 145.06 152.05 159.12 166.19 173.26 180.33 187.46 194.79 202.34 210.10 218.04 226.15 234.40 242.78 251.28 259.89 268.59 277.38 286.25 295.18 304.12 313.07 322.05 331.08 340.17 349.31 358.49 367.72 376.98
5.00 7.49 9.90 10.00 11.80 14.98 18.02 20.00 19.39 16.35 14.69 11.71 7.49 3.56 2.45 5.59 11.00 17.89 24.89 31.93 38.98 46.04 52.81 58.43 64.16 70.79 77.82 84.49 90.23 96.13 102.67 109.30 115.18 121.11 127.54 134.13 140.14 146.09 152.45 159.19 166.19 173.26 180.33 187.40 194.47 201.60 208.91 216.43 224.15 232.04 240.09 248.28 256.60 265.03 273.57 282.21 290.93 299.74 308.61 317.54 326.48 335.43 344.41 353.44 362.51 371.64 380.81
3.56 2.78 3.33 2.78 3.56 5.92 9.15 10.00 9.90 7.49 5.00 3.56 2.22 3.56 7.85 13.57 18.49 24.89 31.93 38.98 46.04 53.10 60.16 66.67 72.23 78.21 84.92 91.94 98.41 104.12 110.19 116.79 123.26 129.10 135.15 141.66 148.15 154.08 160.13 166.56 173.33 180.33 187.40 194.47 201.54 208.61 215.74 223.03 230.52 238.21 246.05 254.05 262.19 270.45 278.82 287.30 295.87 304.54 313.28 322.09 330.97 339.90 348.84 357.79 366.77 375.79 384.86
11.80 10.00 9.90 7.49 4.67 3.01 3.33 3.33 3.33 2.78 3.56 5.00 7.49 11.71 16.03 21.41 26.94 32.27 38.98 46.04 53.10 60.16 67.23 74.24 80.50 86.12 92.29 99.05 106.03 112.31 118.07 124.26 130.87 137.20 143.06 149.22 155.75 162.12 168.05 174.19 180.67 187.46 194.47 201.54 208.61 215.68 222.75 229.87 237.15 244.63 252.27 260.08 268.03 276.12 284.33 292.65 301.07 309.58 318.18 326.87 335.62 344.44 353.33 362.26 371.20 380.15 389.12
21.03 20.00 19.39 16.35 13.47 10.45 10.00 10.00 10.00 10.00 11.80 14.69 16.35 20.36 24.78 29.44 35.16 40.49 46.28 53.10 60.16 67.23 74.29 81.36 88.30 94.36 100.08 106.38 113.19 120.08 126.21 132.07 138.35 144.96 151.15 157.06 163.30 169.84 176.11 182.05 188.26 194.79 201.60 208.61 215.68 222.75 229.82 236.90 244.01 251.28 258.73 266.35 274.12 282.03 290.07 298.23 306.50 314.87 323.33 331.88 340.50 349.20 357.97 366.80 375.69 384.62 393.56
30.69 30.00 28.73 25.73 22.60 20.21 20.00 20.00 20.00 20.00 21.03 24.05 25.83 29.25 33.71 38.16 43.21 48.91 54.24 60.35 67.23 74.29 81.36 88.43 95.50 102.31 108.23 114.09 120.49 127.32 134.11 140.14 146.09 152.45 159.01 165.10 171.08 177.39 183.92 190.07 196.07 202.34 208.91 215.74 222.75 229.82 236.90 243.97 251.04 258.15 265.41 272.84 280.43 288.17 296.04 304.04 312.16 320.38 328.70 337.11 345.60 354.18 362.82 371.54 380.32 389.16 398.05
40.52 39.97 38.15 35.12 31.89 30.14 30.00 30.00 30.00 30.00 30.69 33.41 35.59 38.30 42.59 47.05 51.64 57.08 62.65 68.13 74.44 81.36 88.43 95.50 102.56 109.63 116.29 122.13 128.13 134.60 141.46 148.13 154.08 160.13 166.56 173.05 179.07 185.11 191.49 197.97 204.06 210.10 216.43 223.03 229.87 236.90 243.97 251.04 258.11 265.18 272.29 279.54 286.95 294.52 302.23 310.07 318.03 326.10 334.28 342.55 350.92 359.36 367.89 376.49 385.15 393.88 402.67
50.42 49.76 47.61 44.54 41.43 40.10 40.00 40.00 40.00 40.00 40.52 42.88 45.35 47.61 51.53 56.00 60.46 65.32 70.96 76.41 82.11 88.55 95.50 102.56 109.63 116.70 123.74 130.23 136.08 142.19 148.72 155.57 162.10 168.05 174.19 180.66 187.06 193.05 199.16 205.59 212.01 218.04 224.15 230.52 237.15 244.01 251.04 258.11 265.18 272.25 279.32 286.43 293.67 301.07 308.61 316.29 324.10 332.03 340.06 348.20 356.43 364.75 373.15 381.63 390.18 398.80 407.48
60.35 59.51 57.11 53.95 51.15 50.08 50.00 50.00 50.00 50.00 50.42 52.36 55.00 57.16 60.55 64.92 69.38 73.94 79.16 84.81 90.23 96.13 102.67 109.63 116.70 123.77 130.84 137.84 144.18 150.06 156.26 162.84 169.68 176.09 182.05 188.26 194.75 201.06 207.04 213.23 219.68 226.02 232.04 238.21 244.63 251.28 258.15 265.18 272.25 279.32 286.39 293.46 300.57 307.80 315.19 322.71 330.37 338.14 346.04 354.04 362.13 370.33 378.60 386.96 395.40 403.91 412.48
70.30 69.23 66.58 63.38 60.96 60.07 60.00 60.00 60.00 60.00 60.35 61.98 64.66 66.83 69.76 73.86 78.33 82.80 87.56 93.05 98.62 104.12 110.19 116.80 123.77 130.84 137.91 144.98 151.91 158.12 164.06 170.34 176.97 183.76 190.06 196.07 202.34 208.84 215.05 221.06 227.30 233.77 240.03 246.05 252.27 258.73 265.41 272.29 279.32 286.39 293.46 300.53 307.60 314.71 321.93 329.30 336.81 344.44 352.20 360.06 368.02 376.09 384.24 392.48 400.80 409.20 417.66
80.26 78.90 76.05 72.92 70.83 70.06 70.00 70.00 70.00 70.00 70.30 71.71 74.27 76.59 79.16 82.87 87.26 91.73 96.26 101.32 106.94 112.42 118.07 124.26 130.93 137.91 144.98 152.05 159.12 165.97 172.09 178.09 184.44 191.09 197.83 204.04 210.10 216.43 222.90 229.04 235.09 241.38 247.84 254.02 260.08 266.35 272.84 279.54 286.43 293.46 300.53 307.60 314.67 321.74 328.85 336.07 343.43 350.92 358.53 366.25 374.09 382.02 390.05 398.17 406.38 414.66 423.01
90.22 88.60 85.50 82.56 80.73 80.05 80.00 80.00 80.00 80.00 80.26 81.50 83.90 86.35 88.69 92.01 96.21 100.68 105.15 109.85 115.18 120.80 126.26 132.07 138.35 145.06 152.05 159.12 166.19 173.26 180.00 186.06 192.14 198.54 205.22 211.90 218.04 224.15 230.52 236.95 243.04 249.13 255.47 261.90 268.03 274.12 280.43 286.95 293.67 300.57 307.60 314.67 321.74 328.82 335.89 342.99 350.20 357.55 365.02 372.61 380.32 388.13 396.03 404.03 412.12 420.29 428.53
100.09 98.15 94.96 92.29 90.65 90.05 90.00 90.00 90.00 90.00 90.23 91.33 93.50 96.05 98.32 101.32 105.20 109.61 114.08 118.60 123.56 129.07 134.63 140.15 146.09 152.45 159.19 166.19 173.26 180.33 187.38 194.00 200.04 206.20 212.64 219.35 225.93 232.04 238.21 244.62 250.98 257.03 263.19 269.57 275.95 282.03 288.17 294.52 301.07 307.80 314.71 321.74 328.82 335.89 342.96 350.03 357.13 364.34 371.67 379.13 386.71 394.39 402.17 410.05 418.02 426.08 434.21
109.93 107.63 104.48 102.06 100.58 100.04 100.00 100.00 100.00 100.00 100.21 101.20 103.16 105.74 108.01 110.76 114.31 118.56 123.03 127.50 132.16 137.36 142.95 148.46 154.08 160.13 166.56 173.33 180.33 187.40 194.47 201.49 208.01 214.05 220.26 226.75 233.46 239.95 246.05 252.27 258.70 265.00 271.05 277.25 283.65 289.97 296.04 302.23 308.61 315.19 321.93 328.85 335.89 342.96 350.03 357.10 364.17 371.27 378.47 385.80 393.25 400.80 408.46 416.22 424.08 432.02 440.05
119.76 117.09 114.09 111.88 110.53 110.04 110.00 110.00 110.00 110.00 110.19 111.09 112.88 115.40 117.76 120.28 123.56 127.54 131.96 136.43 140.95 145.83 151.22 156.82 162.30 168.05 174.19 180.67 187.46 194.47 201.54 208.61 215.61 222.02 228.07 234.34 240.87 247.57 253.99 260.08 266.35 272.79 279.01 285.07 291.32 297.74 304.00 310.07 316.29 322.71 329.30 336.07 342.99 350.03 357.10 364.17 371.24 378.31 385.41 392.61 399.93 407.36 414.90 422.54 430.28 438.11 446.03
129.45 126.56 123.76 121.72 120.49 120.03 120.00 120.00 120.00 120.00 120.17 121.00 122.64 125.06 127.50 129.87 132.92 136.63 140.91 145.38 149.85 154.49 159.58 165.10 170.66 176.19 182.05 188.26 194.79 201.60 208.61 215.68 222.75 229.69 236.01 242.11 248.43 254.98 261.67 268.00 274.12 280.43 286.85 293.02 299.11 305.40 311.81 318.01 324.10 330.37 336.81 343.43 350.20 357.13 364.17 371.24 378.31 385.38 392.45 399.55 406.75 414.06 421.48 429.00 436.63 444.34 452.15
139.07 136.08 133.48 131.59 130.45 130.03 130.00 130.00 130.00 130.00 130.16 130.93 132.45 134.69 137.20 139.52 142.36 145.83 149.89 154.32 158.79 163.30 168.13 173.40 178.99 184.50 190.11 196.07 202.34 208.91 215.74 222.75 229.82 236.90 243.77 250.03 256.16 262.52 269.10 275.75 282.02 288.17 294.52 300.91 307.03 313.16 319.48 325.87 332.02 338.14 344.44 350.92 357.55 364.34 371.27 378.31 385.38 392.45 399.52 406.59 413.69 420.88 428.18 435.59 443.10 450.71 458.41
148.66 145.66 143.24 141.48 140.42 140.03 140.00 140.00 140.00 140.00 140.15 140.86 142.27 144.37 146.90 149.22 151.88 155.13 158.95 163.27 167.74 172.21 176.82 181.84 187.26 192.85 198.35 204.06 210.10 216.43 223.03 229.87 236.90 243.97 251.04 257.83 264.04 270.22 276.62 283.23 289.83 296.04 302.23 308.61 314.95 321.04 327.21 333.57 339.92 346.04 352.20 358.53 365.02 371.67 378.47 385.41 392.45 399.52 406.59 413.67 420.74 427.83 435.02 442.31 449.71 457.21 464.80
158.17 155.30 153.03 151.38 150.39 150.03 150.00 150.00 150.00 150.00 150.14 150.80 152.12 154.08 156.58 158.95 161.45 164.52 168.13 172.24 176.67 181.15 185.65 190.44 195.62 201.14 206.70 212.23 218.04 224.15 230.52 237.15 244.01 251.04 258.11 265.16 271.87 278.06 284.28 290.72 297.34 303.88 310.07 316.29 322.69 328.98 335.06 341.27 347.65 353.95 360.06 366.25 372.61 379.13 385.80 392.61 399.55 406.59 413.67 420.74 427.81 434.88 441.97 449.16 456.44 463.83 471.32
167.68 164.97 162.84 161.30 160.36 160.03 160.00 160.00 160.00 160.00 160.13 160.75 161.99 163.83 166.25 168.69 171.08 173.97 177.39 181.29 185.62 190.10 194.57 199.16 204.12 209.44 215.03 220.54 226.15 232.04 238.21 244.63 251.28 258.15 265.18 272.25 279.28 285.91 292.09 298.36 304.82 311.45 317.93 324.10 330.37 336.77 343.00 349.09 355.34 361.73 367.99 374.09 380.32 386.71 393.25 399.93 406.75 413.69 420.74 427.81 434.88 441.95 449.02 456.12 463.29 470.58 477.96
177.25 174.69 172.68 171.22 170.34 170.02 170.00 170.00 170.00 170.00 170.12 170.71 171.88 173.61 175.90 178.40 180.74 183.48 186.73 190.44 194.59 199.03 203.50 208.01 212.76 217.87 223.31 228.89 234.40 240.09 246.05 252.27 258.73 265.41 272.29 279.32 286.39 293.41 299.96 306.13 312.44 318.93 325.56 331.98 338.14 344.44 350.83 357.01 363.13 369.41 375.80 382.00 388.13 394.39 400.80 407.36 414.06 420.88 427.83 434.88 441.95 449.02 456.09 463.16 470.26 477.43 484.71
