3_day/2_stats_I/R/data/carea.asc
NCOLS 367
NROWS 415
XLLCORNER 712367.5000000000
YLLCORNER 9557227.5000000000
CELLSIZE 10.000000
NODATA_VALUE -99999.00000
[rows 250 to 274 of 415, columns 116 to 173 of 367]
553.91327 699.71924 833.24854 717.40607 603.11798 813.50317 3059.56909 26783.59961 44520.45703 4935.59131 591.62292 606.57324 644.79688 687.91699 674.54517 628.47717 632.28766 689.80798 797.56720 997.06848 1254.88757 1436.29065 1512.98279 1748.10645 636961.75000 35504.08594 14299.00391 19286.66602 27205.45703 32917.36328 17827.74609 2896.42603 685.55139 313.70627 805.22644 1787.91602 4559.42725 7150.41504 7649.30176 11361.30273 34377.60547 33688.77344 2324.21558 3791.06177 2308.01514 1394.20239 1284.73804 1321.59973 1206.28320 1056.58765 1012.37823 1051.50732 1002.21326 849.90692 709.94482 624.57959 548.54303 460.96164
508.61035 618.27557 774.64343 1036.57397 1432.33508 2808.65649 12726.55566 42037.88672 18474.26953 849.27063 514.49078 494.17233 540.26190 657.44293 648.86877 586.22125 594.93182 684.93402 826.03809 1033.35352 1274.31726 1467.61670 1592.94238 1734.74768 2204.23975 616931.31250 222682.28125 23561.93750 20465.19922 6486.26074 1408.98035 738.18219 229.18269 230.05846 787.78412 5534.69824 33226.55469 25488.58398 24457.68359 26602.25000 1103.61023 1161.64551 1121.08508 1022.95972 994.08740 1003.09924 1055.46936 1146.70459 1132.79846 1001.08612 897.48328 899.65466 911.23895 813.71405 666.43195 557.40979 476.71198 415.70581
563.00867 723.72137 1031.92688 1875.22412 3807.13184 9903.95996 32778.98438 30951.77344 2520.10669 632.61884 513.91052 459.14993 485.26288 575.31927 589.37610 565.60040 599.50726 704.38715 868.71454 1083.27576 1311.43774 1495.79993 1622.68604 1706.65320 1750.41748 1997.17346 594289.43750 11635.38770 6153.13477 1251.93506 710.78564 1693.56689 3801.09790 8095.87500 40057.63672 39395.54297 11148.36719 10534.56055 8241.41602 1128.47656 999.72437 1049.86938 991.92603 914.54236 833.16681 819.50256 861.55243 936.36267 975.19214 927.84796 842.34705 770.44171 725.92139 663.32013 562.58240 467.51257 402.03452 395.41525
638.47693 848.89441 1449.23560 3411.79053 7475.77197 20794.56055 33255.28516 10348.23340 821.70703 567.31390 497.71085 459.99475 467.79700 508.61102 533.44928 554.28345 616.75031 734.34265 908.71094 1113.66846 1300.92651 1436.80884 1513.20337 1508.88000 1403.79614 1231.58813 1505.98816 582074.12500 533989.18750 5723.41553 7819.00000 14204.20117 22725.37305 36393.80469 4017.82007 760.01990 912.22607 1164.70020 796.02606 755.87286 819.25287 859.15460 877.05927 865.46106 813.34467 767.33606 752.18768 779.76917 811.23218 806.00146 761.76624 692.85962 612.04071 549.43695 480.89609 427.90781 399.56036 412.77414
660.56982 865.41003 2052.12524 5570.47412 10635.32715 19974.78711 26966.30273 7242.81299 1124.19092 574.62891 486.68143 449.33380 452.07941 469.62732 495.12653 543.20203 627.70660 756.06085 925.09515 1088.74573 1213.71826 1302.09851 1334.82690 1274.77148 1124.71741 948.83105 806.08795 2568.90454 170291.32812 464065.81250 31411.78906 24079.40430 21479.65039 2751.08765 426.18704 535.44604 609.31366 624.19989 622.21301 641.04584 684.37476 713.21429 738.77893 765.20233 776.29156 764.21313 721.02545 685.80640 666.45392 646.36157 618.61981 592.42072 548.74725 472.02979 420.81183 392.49387 393.87305 408.86072
619.64398 835.75366 2826.47437 8258.03613 12570.53613 14139.14355 20768.48828 12341.67578 2561.13159 703.55072 484.58389 429.24518 427.54498 438.30743 465.92316 527.75928 628.58856 756.12469 896.14764 1004.17328 1086.26038 1146.84448 1154.07166 1076.32739 924.09070 774.68280 664.44574 619.25958 29357.78125 443234.03125 150040.79688 9892.71191 1876.41846 354.34076 321.94656 382.37189 478.98264 521.08472 535.35895 570.41382 617.54535 640.05023 638.77625 655.77197 679.33185 690.26459 667.35455 597.25677 531.75995 485.36176 450.06604 427.75568 407.01224 382.99097 364.53760 345.51898 363.37619 414.76828
559.39374 755.65741 4046.16357 11577.72754 13121.45410 7799.82764 11273.11621 15449.66699 6872.71045 1075.44250 501.18552 405.28598 391.19879 401.41989 435.99734 510.78162 614.94177 721.89728 818.92377 892.09796 961.87439 1014.10645 1007.72998 928.68585 801.73236 678.34912 602.39850 628.59833 761.82764 256348.01562 287782.31250 1654.91541 566.00940 322.70801 299.74841 323.61835 382.75009 442.05374 476.58228 513.41425 563.24390 596.47247 585.68701 574.45288 566.11426 545.02863 512.51953 464.58810 413.81717 375.45721 348.93268 337.29578 339.01773 353.87405 340.65524 335.65451 352.48337 454.05441
522.68866 730.12445 5665.83838 14837.17188 10439.56348 2207.69824 3119.69653 14066.11816 11982.79297 2174.96606 610.36255 391.35986 351.38785 358.95184 401.06863 488.42572 584.73022 655.40436 717.59094 790.87860 866.71887 911.59106 898.71576 832.22247 736.04590 653.87714 641.09631 701.45996 847.70233 13495.30078 504352.93750 17983.21680 525.38605 457.42212 419.38306 351.22171 352.75391 410.90836 453.50308 473.22229 490.67465 524.02509 534.76404 525.95520 498.05460 459.45316 420.80899 382.59708 346.63058 323.27826 331.72986 359.28513 383.30179 378.57385 352.55484 351.58859 393.04315 528.65021
559.71741 1022.82715 7792.61035 18079.30859 5646.24463 620.11963 542.32104 6779.83398 16179.24316 5386.07373 1135.14221 414.34784 320.34979 314.91748 359.64624 455.84097 535.24811 572.56458 627.05267 713.48389 791.28271 831.97974 824.37231 775.66302 704.65070 676.46466 710.00964 822.63348 989.50177 1300.02332 216099.21875 333769.46875 50434.41016 724.00415 507.91959 378.11191 415.91772 488.50867 504.01721 480.99661 459.90125 459.53235 505.09637 522.47717 484.30338 440.19318 400.37280 365.06119 338.37134 349.77512 400.05011 441.18976 440.69928 399.00998 377.41406 406.01367 462.89578 594.79944
693.12537 1867.31421 10706.66602 17044.43164 3558.84863 323.12521 268.50372 1454.37134 14010.13477 13099.87988 3207.76099 564.88568 307.40521 274.34882 312.92365 402.47949 466.12845 495.36380 560.49835 650.98340 721.66217 763.65759 771.41840 728.35907 672.05377 676.66333 768.39514 926.17969 1121.13135 1401.76221 73314.24219 287012.00000 220975.73438 80922.21875 713.06415 549.96954 606.81653 635.61279 583.44489 524.46149 494.37848 524.37854 581.85522 544.36920 481.83990 436.23947 400.16049 376.60745 386.22388 430.45758 501.74579 518.99341 467.83191 431.14734 432.93170 471.62161 541.79199 688.25195
885.48877 3570.69141 11876.59180 13290.32422 2665.54785 292.53714 227.70328 378.01004 4707.00000 14929.44043 9210.77148 1190.10376 305.80048 268.05566 281.69272 344.64841 397.92172 441.09235 506.94293 585.90295 650.60846 705.67065 716.62201 662.07739 615.27313 657.37915 786.98279 939.74866 1085.88074 1296.70593 27239.33398 187581.78125 186228.35938 177853.20312 91127.23438 1111.46436 849.02155 747.42145 631.13501 558.67267 549.07349 585.91779 584.53845 516.00903 465.85947 436.40656 419.24203 431.06204 465.50876 520.78455 555.27509 531.11560 485.21594 476.16205 495.07703 547.16742 669.02161 987.69629
941.60260 3846.53027 12188.42773 10813.40234 1660.81470 229.69250 192.01149 285.25754 544.02539 8216.59668 15214.55371 3691.56274 334.43936 280.84000 286.63153 308.60220 351.67819 394.53464 450.85977 516.75775 587.94824 643.74634 642.05518 574.51270 571.01971 661.31647 781.52136 854.10089 912.40063 1019.06396 10021.84375 77241.29688 162933.73438 204815.98438 252374.09375 176253.00000 1603.52039 789.21454 667.07544 603.42944 583.53882 590.39661 548.58887 492.58014 473.08646 470.83978 477.03732 500.55505 543.00439 569.71118 559.27075 536.84784 512.96857 526.30267 576.65393 685.17926 2505.50000 11575.61035
791.91248 2598.58179 12048.33984 11995.24902 782.50024 244.06294 184.63115 238.57529 373.88205 797.51648 13553.59961 11724.41016 612.94946 386.79205 297.70963 285.91107 322.10910 353.90860 392.66931 460.13022 530.45770 569.72955 555.36145 519.77271 576.08649 681.56836 732.68378 731.83276 779.54620 918.13000 12471.54590 38018.90625 65175.76953 83953.57031 149836.10938 264968.59375 308670.40625 4592.32764 864.92957 653.85535 598.06738 597.04144 587.93396 552.73761 543.92523 547.53430 556.78741 571.18628 584.00391 584.22894 572.86548 578.25342 568.74261 599.20172 692.76373 1438.69080 24709.49414 29129.15625
697.57111 1509.71509 7881.38721 15285.85938 1935.23999 338.80557 234.58397 232.96484 334.36472 549.92749 2270.66699 16095.46484 10001.96191 1106.33374 320.74188 260.12909 288.80362 315.14429 342.23724 413.19055 472.62012 494.32697 489.10767 503.54132 576.37933 641.25269 641.13202 658.59601 735.02057 889.26270 18809.23633 41634.49219 21638.43945 3761.10840 6551.79541 28721.54297 152572.90625 407240.71875 42000.87500 3144.08521 665.42566 670.44434 666.51270 654.94244 652.77783 652.66309 648.75348 625.72357 596.30182 589.96173 614.40332 707.44543 1287.78662 5513.58350 20922.89258 44276.39844 28415.47266 8087.58447
695.48859 1358.04944 4909.05713 14221.40625 6938.97070 607.10504 298.02002 245.69051 310.67505 491.11652 1197.64014 6562.62305 12792.07520 3745.47803 410.59418 249.73589 246.04034 271.76059 302.84015 362.59174 407.20724 423.17163 430.93277 468.48349 524.62817 556.52106 583.72656 653.90948 743.72516 878.08649 27607.25391 44007.00781 10170.36816 676.00287 549.67438 538.24536 716.08240 40492.78906 367348.96875 188005.75000 43297.31641 761.77747 740.68604 747.05096 760.32727 767.51483 762.14160 712.15973 640.57941 600.44037 687.06793 15665.13477 29476.08594 38386.78125 30510.47266 3226.64258 1456.71118 1081.54077
774.81995 1524.92383 4660.29395 11376.83008 7472.05176 1050.82800 335.51389 258.38254 294.18356 424.99155 779.85260 2936.73389 11303.82129 7803.42871 779.22852 289.08582 262.63235 247.00029 268.71558 306.24646 342.34827 360.68454 389.28467 432.17072 492.47299 551.89886 633.80371 732.70575 809.44910 926.39160 40599.12109 36894.18750 658.58557 600.68994 551.92963 578.31049 755.04846 1058.45190 83371.11719 255872.51562 323690.46875 188183.39062 776.59442 840.15796 931.06726 1227.85840 2821.01123 9608.33496 19429.92188 33311.81641 52459.65625 43926.87500 21544.09375 9134.83691 538.76532 358.16223 392.91965 427.95905
844.36511 1555.23108 3973.00806 9368.19629 7622.92578 1578.81409 377.78391 272.91580 274.70981 369.17697 607.57867 1475.31909 5932.91797 10803.87988 3220.20337 553.77490 352.70694 282.82098 248.18709 261.73712 290.64771 318.86118 363.67780 428.77573 522.15955 645.97900 780.22583 889.66321 959.99097 1311.65442 73431.09375 1107.27747 562.06250 587.71881 599.68726 625.21906 747.98352 896.75903 986.83661 10778.03711 93069.68750 238539.35938 419047.65625 2519.57715 5788.70508 18019.53711 58361.64453 37129.68750 34119.86719 20200.65625 252.54929 246.89803 245.26842 249.16881 234.28821 218.74673 229.75467 241.93475
867.96283 1500.47754 2988.63379 7237.54346 8271.71387 2422.45264 504.07394 333.91147 282.58618 345.99069 548.27631 1158.04260 3391.25562 8696.69434 6779.54639 1167.07617 502.90628 335.98901 257.72733 239.96835 252.92308 293.60883 357.77213 469.09265 638.73956 840.68011 975.92419 1044.53223 1141.88257 4705.44189 70907.85938 1052.96790 481.79358 532.21326 624.96838 671.68976 751.01190 803.67279 802.80664 895.86737 1117.42493 1450.65930 1783.97754 415884.96875 411649.06250 386728.00000 289825.09375 170344.87500 19642.38477 146.53798 177.93576 171.00125 143.16725 133.63527 152.83261 161.45456 167.35048 185.01407
906.28217 1481.33130 2406.37256 4834.11963 8138.61328 4043.11914 847.46167 478.99164 364.19299 369.72055 578.48804 1261.11255 3354.98462 6797.95996 6053.56738 2053.87622 622.98090 378.34769 280.10977 229.02060 225.98122 277.45996 376.43854 571.50836 842.92535 1029.79114 1065.02014 1072.80042 1204.87231 19462.13867 58836.16797 2170.58936 406.84839 418.05960 558.35608 659.95563 751.59473 783.73950 759.57922 827.67163 1071.30042 1499.10791 1790.12488 1513.69824 2706.36206 35146.21094 120203.18750 226921.68750 182719.01562 176.96422 204.28000 176.43369 153.66048 147.36157 180.19167 210.91888 232.46692 252.45709
1079.43726 1551.96045 2286.63013 3661.17480 6458.94775 5087.73633 1474.94678 685.88910 468.65359 439.26935 664.71875 1464.20142 3406.41406 5650.39551 5045.93115 2447.93579 800.42078 407.57562 294.67371 232.57675 209.36575 280.90759 442.52109 708.13434 918.05066 944.82611 912.54395 929.25446 1053.98401 28298.91602 44242.41406 2761.27173 417.25143 373.87732 444.63660 579.49133 714.69922 772.31067 742.57007 768.56677 992.87958 1439.56140 1639.68713 1206.26843 863.56677 1213.48364 7206.04395 53187.55469 178506.39062 352797.75000 354.59436 261.46765 237.46402 241.29860 277.16406 332.30170 365.93491 390.32742
1349.93433 1779.21240 2308.30664 2908.57129 4353.18115 4656.98486 2447.53198 917.69342 548.54071 514.07452 745.62585 1564.97583 3217.54150 4688.39600 4270.98730 2642.81934 1160.04456 466.43033 305.31427 244.62869 231.57025 334.88492 545.01825 719.17566 722.77649 649.53571 637.28473 691.68109 824.55768 36490.85938 31588.19531 1752.01074 506.79169 365.30847 368.34842 476.92581 640.63330 736.34467 721.42450 721.64270 882.52118 1291.33728 1532.77783 1132.33179 730.74316 599.63983 477.58502 439.52817 495.01971 919.01807 352132.96875 306432.53125 117101.32812 369.39514 407.73962 494.08817 551.12268 628.32269
1489.08496 1826.49780 1974.11707 2016.16309 2535.23022 3805.38330 3271.76855 1413.87476 642.35150 571.29156 785.88647 1490.39380 2814.60010 4047.07031 3858.72241 2644.78516 1418.82312 595.38373 327.98169 260.24338 275.33771 386.08258 522.39526 529.40228 483.08249 450.41141 477.77618 553.56567 774.42480 57532.21875 9345.02441 1342.95410 639.64465 362.07669 322.03314 402.59222 550.38300 653.30731 674.76013 685.34979 783.49445 1056.67041 1355.28723 1133.10046 747.54059 541.67914 410.41464 379.42740 424.49026 564.42230 2778.29541 103563.04688 218308.51562 317019.25000 309189.15625 300910.53125 258340.43750 168478.28125
1333.24036 1423.55627 1462.05701 1426.07214 1330.95105 2316.92114 3587.66870 2418.05542 855.65961 628.73199 825.68762 1242.52612 2226.87524 3670.49170 3941.38306 2842.07275 1456.69751 582.20758 324.87222 255.05371 263.98965 330.22379 381.49368 385.56088 378.93161 392.96606 453.34412 614.81799 1652.09937 60264.96484 5632.89404 2622.01929 861.44153 434.18674 349.60272 386.33035 480.38110 569.10950 617.18677 649.54956 696.01965 820.71649 1115.46301 1099.47241 759.95129 533.14178 396.30917 350.99686 397.49789 509.69458 1572.69482 15480.70801 20059.88477 7302.75342 2537.29248 13106.68164 71578.03906 153623.10938
992.04547 1081.82178 1161.57214 1102.20398 877.34393 904.86310 2339.48047 3357.27393 1692.90540 768.70996 890.59430 895.99335 1383.21143 2930.80591 4171.46436 3482.15186 1602.98328 500.28491 280.13156 228.60938 228.50291 262.32849 296.70126 323.65173 345.30667 424.95905 591.20844 1110.92737 5677.99805 48867.30469 17443.31250 10510.95215 2369.03882 535.58167 439.06244 438.62024 466.56128 521.88831 571.77197 618.25305 640.34674 672.60950 864.75372 983.41302 693.91992 471.16962 383.59033 381.47943 447.90826 529.83557 908.64276 17171.62305 20435.57812 4997.18994 629.11237 533.14221 659.92334 837.71130
793.89594 938.24023 986.99292 858.22345 678.89709 637.71088 894.59546 2447.71313 2748.71753 1631.00684 982.18280 703.84814 774.56683 1745.79846 3783.32642 4245.25342 2068.60620 492.86380 261.75995 185.82089 186.15637 208.29184 265.49823 315.42715 367.03159 494.51624 784.65808 2276.67090 14578.59961 25643.64062 13231.28711 19540.26953 13178.32227 972.46417 638.55072 520.18262 492.37161 497.27655 538.31128 580.46875 595.96210 596.42871 690.22614 793.85492 616.24988 410.00858 378.63568 458.11697 502.98782 524.43921 582.79559 19298.56641 20215.81836 1312.31323 383.51102 469.94119 597.97919 766.26733
