3_day/2_stats_I/R/data/carea.asc
NCOLS 367
NROWS 415
XLLCORNER 712367.5000000000
YLLCORNER 9557227.5000000000
CELLSIZE 10.000000
NODATA_VALUE -99999.00000
[rows 125 to 149 of 415, columns 116 to 173 of 367]
465.48267 700.71405 7423.31152 15029.01758 5253.57178 2071.06079 1756.64783 2344.18945 5685.18311 8161.50146 1605.44055 768.42096 734.09570 826.53827 853.95526 939.05536 1014.20453 1042.70203 1133.52271 1604.31726 6337.57080 13407.05762 16587.99805 36823.27734 92773.21094 242725.68750 3430.91699 914.44196 737.66779 614.50482 547.41583 502.03128 474.28748 463.73123 463.53796 464.89114 458.57349 463.16119 531.79376 712.78345 920.91705 1317.53333 2047.30554 2734.83887 2815.85327 2840.31421 2852.77783 2237.58569 1534.93774 1004.53003 660.03143 473.47101 357.97095 276.44373 227.75946 218.85783 237.73082 267.90662
506.47168 1023.52173 9530.34180 11737.48926 4060.61548 2324.20728 1993.27979 2373.68359 4418.37354 7659.01709 3468.51318 1123.73962 851.31445 911.70294 1090.70251 1068.66003 1042.00867 1098.58765 1265.93750 2085.36035 7312.17041 12617.75293 6548.87939 2022.54700 1184.70569 18923.19727 233347.04688 3014.45923 1021.49561 858.20715 750.69305 670.03650 606.72772 543.81958 503.37311 496.33542 489.20279 478.39841 515.27271 635.44366 825.82294 1132.75110 1624.42346 2094.33765 2232.88354 2239.27832 2383.30176 2293.91479 1850.90393 1379.35681 985.66272 671.13983 450.35928 303.67792 225.05878 182.77536 181.36220 181.00792
653.33563 1913.36194 9545.53027 8711.88672 3986.86182 2911.87964 2558.63037 2751.59766 4236.21484 5685.20117 3204.96826 1495.85889 1049.35266 1036.74573 1170.43738 1118.36401 1092.38928 1178.43152 1401.42896 2498.87744 7954.41211 11775.60742 5245.85498 1660.54175 965.51361 2638.98975 74565.68750 174207.62500 1758.81409 1146.54761 955.27277 819.98279 719.79767 631.08118 551.79529 509.80936 497.13293 485.59943 511.14401 582.10876 726.31458 943.79291 1258.71204 1616.71033 1846.70752 1972.18188 2079.61206 2073.53345 1846.56091 1509.20667 1148.88110 838.59607 589.77612 387.17761 239.70609 167.93219 131.30911 153.39500
1029.85632 3878.88403 8630.28613 5874.29639 3082.06226 3089.72729 3326.71460 3458.05200 4461.51953 4445.07227 2383.91553 1512.47083 1221.98621 1152.70630 1168.01147 1160.16492 1170.89868 1251.37708 1469.64563 2630.49048 8527.49414 10702.54102 4218.82080 1418.32642 962.74274 1158.86475 15473.20898 172997.23438 102638.75781 2335.01709 1084.76245 957.40289 840.70728 733.48615 641.18341 565.23578 522.63397 519.85547 522.34839 568.49524 651.69427 783.58557 982.15228 1230.09619 1478.68506 1694.96191 1863.80920 1869.83777 1731.65759 1480.79016 1180.01245 911.26166 701.15942 511.68213 323.89218 180.64839 119.92622 177.42024
1546.93408 5069.16309 7629.91797 3776.13110 1888.97852 2414.95093 3653.74536 4588.76611 4660.92285 3019.23511 1729.91833 1384.08948 1265.83899 1191.63062 1158.25903 1187.25476 1253.56372 1352.00342 1603.33533 3038.37378 9346.16211 9483.40039 3185.93823 1238.57776 936.28882 961.82739 2042.48938 63324.74219 170162.64062 16301.40430 1412.73682 1255.66956 1076.45642 916.78094 797.41791 701.51807 627.81543 596.91193 606.29749 616.49591 636.97107 711.12604 810.24695 960.97565 1156.68140 1379.89575 1601.93286 1709.00977 1628.06738 1429.13513 1167.72888 910.85547 709.48022 555.93842 394.16885 221.25966 149.29935 252.46303
1707.22192 5735.05615 6673.99756 2493.63623 1218.86121 1756.06421 3898.84644 5872.93652 4416.52051 2132.01562 1374.63342 1241.23865 1208.20874 1154.73462 1121.84790 1203.27295 1349.16333 1500.25574 1818.41492 3807.04688 9699.97266 7943.53320 2470.30322 1156.20056 926.45276 903.41614 940.15796 7398.04932 151368.12500 99805.21875 2778.68530 1877.57678 1503.91980 1230.91211 1023.25983 850.30792 737.00916 685.62195 686.59473 721.70123 717.60583 693.07635 720.94952 792.51202 916.48560 1088.63550 1287.24402 1465.41589 1501.37085 1379.53027 1148.56519 904.45502 691.71924 533.88574 408.05307 268.50040 224.94630 330.59796
2051.03809 6337.60742 5145.11328 1844.67261 1082.97546 1596.53235 4107.66113 6700.81250 3980.72778 1734.54150 1230.14685 1160.29858 1122.88062 1065.71118 1071.76660 1218.66736 1461.87891 1744.90222 2265.25391 4822.71191 9614.69238 5831.74268 1925.31970 1152.81519 956.68146 912.97540 877.60651 1501.93127 53014.71484 180307.28125 22570.22656 2859.28735 2114.98901 1653.82593 1253.88892 992.56927 856.35498 781.57117 716.95221 713.00354 708.26202 686.84924 672.66467 696.42975 753.07910 861.81860 994.45734 1154.37231 1291.54333 1281.01050 1114.17786 884.00543 694.71057 545.16742 427.59894 326.05402 307.01343 384.72275
2755.91309 5820.91162 4184.34814 1854.82385 1156.58557 1649.02747 4082.43457 6483.10400 3613.64136 1562.39868 1193.75500 1138.77234 1071.68250 1006.64661 1046.01855 1249.51929 1601.53711 2133.34839 3273.37646 6109.82178 8409.19238 4306.12158 1684.77502 1164.70996 1014.75574 958.10406 874.62091 925.09985 20791.92578 157954.68750 77480.78125 4238.18750 2769.71045 2200.53589 1626.87097 1231.37280 1059.18823 901.17834 741.97687 675.11957 670.93231 673.82642 665.48016 655.66437 676.07104 706.43207 762.32996 867.80322 1032.42004 1140.50439 1047.99988 835.45410 662.39960 543.63885 447.62262 380.11792 359.88669 375.44360
2931.50781 4648.15332 3523.96802 1833.10217 1203.76880 1602.13220 3786.88306 6094.02148 3349.20166 1487.69348 1224.70422 1162.21167 1063.26123 993.27374 1047.72998 1272.43518 1729.30322 2577.87671 4296.47559 6624.52539 6393.53223 3078.61011 1582.96460 1202.63354 1089.61682 999.20099 895.90662 913.84399 5519.07275 117099.92969 113056.28906 8377.21289 3112.42627 2689.68311 2153.72925 1634.44934 1288.62000 1036.36243 854.24414 747.35382 709.43707 706.86285 699.57074 682.89734 663.02167 651.35199 638.56757 659.52618 772.05121 942.73645 967.67871 785.69427 614.73029 513.30377 427.92212 391.29755 390.23563 372.55835
2962.66992 4005.07422 2933.93726 1626.12158 1174.74927 1561.61572 3516.19653 5694.09961 3104.81250 1596.59753 1339.52173 1242.08374 1093.34106 1003.81152 1057.08850 1274.05896 1800.91284 3009.03882 5123.95117 6526.88281 4641.40674 2170.22485 1416.04236 1227.04907 1155.62292 1046.20801 939.75470 948.38513 2900.32837 68827.60938 143567.03125 25937.68945 2944.72363 2615.54126 2342.47827 1940.60437 1542.64026 1234.89258 1046.39917 926.87085 834.44397 793.93317 769.99304 745.57434 716.86267 677.17944 623.41644 574.10254 591.37659 713.88000 837.84131 747.77802 587.79590 471.02728 384.05255 351.19934 355.16995 349.96133
2930.20996 3482.60229 2344.56860 1400.82727 1108.49146 1569.49573 3430.61475 4839.64307 2693.49146 1623.88855 1447.53687 1360.06213 1160.69482 1039.15002 1082.45471 1290.62415 1880.33081 3475.81860 5857.51416 5925.70020 3149.64819 1620.88110 1297.77502 1228.57727 1188.93982 1080.55762 966.69434 949.15674 1546.65588 37010.40234 143213.15625 61149.65234 3016.06152 2137.26294 2135.98560 1991.69373 1734.59619 1457.03381 1245.21399 1108.81982 987.45349 913.02948 862.55225 824.33453 790.25488 749.38965 691.92053 616.12671 543.77045 596.31708 711.88110 708.88348 580.77679 440.25388 343.28940 295.14435 287.34198 281.91611
2784.45923 2959.18091 1898.79089 1250.90625 1047.57422 1482.35083 3348.88843 4126.69580 2207.59839 1498.06750 1449.64111 1425.20508 1239.72278 1112.27820 1157.82324 1394.22742 2022.57227 4117.59277 6472.59131 4605.14111 1973.52258 1348.55017 1215.02881 1209.62085 1198.96082 1098.62439 989.33411 975.18787 1082.41565 8000.86523 126020.88281 95711.70312 5923.70703 1968.48779 1897.72705 1908.06140 1802.76990 1620.99951 1421.19287 1255.90125 1123.23718 1023.54919 951.81531 901.80426 862.85022 827.98230 784.65002 717.83710 648.73297 619.63385 680.68573 692.78833 590.58661 443.02917 318.46378 250.56493 218.33806 217.79996
2430.89038 2431.12671 1663.60754 1155.89917 1011.03546 1472.10120 3146.26196 3535.35034 1989.23438 1442.87463 1424.79236 1432.58264 1311.16138 1225.96851 1331.08618 1702.28516 2660.63452 5141.19238 6009.84424 2885.51953 1537.32886 1211.19849 1147.76538 1175.37720 1193.01196 1109.87183 1022.68628 1039.73022 1110.45166 1262.47156 59729.75391 143619.67188 25780.28516 3415.32129 1860.18774 1812.69299 1772.96851 1684.35120 1548.91296 1387.00415 1228.70654 1102.06909 1011.02484 948.73114 906.17688 876.17493 846.31366 803.22913 740.41034 695.15875 679.00470 639.32922 564.22296 453.46909 319.53366 220.92517 163.13289 171.11810
2013.49597 2023.85754 1542.98169 1112.02734 1020.06329 1521.65161 2729.54443 2914.50854 1914.44336 1444.04187 1415.82300 1455.11621 1404.89856 1391.88086 1614.78003 2299.32178 3624.22363 5043.53271 4324.80664 2280.52222 1439.65759 1145.53894 1084.80017 1121.85962 1160.65698 1128.22241 1089.57874 1132.43518 1208.25354 1398.08691 16385.31641 133608.75000 92677.53125 12930.14941 1997.43347 1747.00354 1689.86096 1644.79602 1557.59827 1426.21008 1275.47620 1144.50769 1041.51685 964.38226 907.88098 865.03870 836.46515 804.46710 756.02740 709.81042 666.70959 599.13525 517.04718 430.78690 318.68179 206.05922 135.93256 132.58394
1695.45923 1747.59668 1453.48279 1107.72742 1035.86694 1463.55579 2290.81641 2416.00464 1792.91553 1405.86145 1414.63208 1534.75891 1526.95557 1562.44849 1956.10864 2890.26587 3819.37109 3855.16016 2981.13452 2016.43616 1410.92163 1118.89014 1038.81934 1067.25208 1128.73572 1159.41968 1171.53015 1183.53735 1163.68262 1103.08777 2659.01147 54996.53906 124463.37500 49055.20703 2299.96484 1746.86523 1624.50891 1559.30652 1482.10107 1381.71814 1267.86145 1153.68506 1055.70349 969.25592 893.09570 825.36707 773.93311 737.78760 716.96399 697.34735 664.42004 600.22339 508.03619 410.94638 310.36044 205.21243 120.55338 125.16500
1441.58679 1527.10278 1371.25842 1128.96167 1071.37598 1346.64050 1837.21582 1996.89062 1698.58533 1425.88281 1462.83203 1603.52649 1627.62830 1739.62402 2275.95435 3156.35742 3353.54224 2840.25244 2321.14868 1784.22949 1341.00879 1086.37927 1004.98047 1034.88611 1113.81116 1197.50256 1233.23669 1182.70642 1045.55115 903.43506 918.33380 12634.90039 115811.59375 90423.18750 3176.97388 1770.54138 1575.11853 1473.74622 1400.32043 1323.87793 1239.36121 1154.23425 1066.87073 986.50647 904.95508 831.08301 760.33459 709.58923 695.16455 685.22955 653.62146 601.56940 518.73291 413.65842 308.71655 205.28708 127.54687 161.35229
1230.99780 1335.05078 1295.16101 1148.69116 1068.56897 1180.71924 1464.07935 1660.55566 1588.47803 1483.79480 1518.04626 1615.99268 1704.81836 1906.89429 2415.41895 2981.73633 2766.74731 2276.35205 1971.09314 1576.01208 1243.09106 1046.67383 985.65204 1025.69189 1121.17712 1233.81311 1287.79688 1177.99023 992.66998 925.85114 967.72101 1060.33655 74838.04688 129735.98438 6254.20068 1860.76758 1549.80322 1409.12646 1324.93652 1265.70776 1208.13916 1145.70789 1080.52869 1017.17969 959.82245 903.67920 852.38208 782.68970 719.73236 678.80298 635.84363 584.44159 511.27881 412.98209 309.14587 205.99924 144.01433 177.58536
1044.64429 1167.53589 1222.09583 1151.94812 1035.06885 1037.97327 1260.27783 1494.79907 1534.70569 1513.57227 1548.82373 1625.37366 1741.04065 1958.62085 2319.18726 2605.58105 2406.12524 2002.10034 1693.88940 1399.14954 1148.28772 1003.99597 975.60303 1033.53918 1135.90125 1259.48291 1308.58057 1161.92285 998.96948 978.04858 1063.49524 1153.44580 35149.75781 161874.14062 16158.42480 2306.54468 1581.97339 1390.69678 1280.14380 1220.52063 1180.34314 1135.55469 1085.41541 1040.96130 1000.69958 968.16388 923.26019 840.85925 755.48468 690.64630 628.62622 569.41626 499.90656 402.92264 294.07007 197.47540 140.41641 134.60634
874.92084 1010.00604 1129.06860 1137.06604 1029.88367 996.15106 1188.57971 1395.56982 1453.44604 1485.01245 1545.82422 1616.32324 1740.23022 1905.71533 2115.93677 2288.96240 2157.29663 1795.82104 1495.25330 1264.39905 1073.09912 963.64886 968.62018 1042.68738 1142.40588 1241.34058 1251.74805 1128.15967 1000.71155 972.29053 1062.33484 1191.02441 14514.65332 155291.70312 47274.87891 4807.18896 1725.97107 1442.45935 1301.20740 1230.14331 1174.41760 1125.75000 1081.00171 1039.07446 996.61700 950.54083 892.41895 822.26941 762.46411 718.21149 648.07892 567.33081 490.78818 399.33847 288.09265 189.11139 126.18073 104.84743
730.49982 853.51764 1001.10706 1086.45923 1059.85242 1059.68933 1190.38147 1283.10901 1317.82385 1397.15540 1507.60547 1602.19189 1709.71448 1781.43945 1876.96765 2026.07080 1953.55334 1629.95703 1357.19312 1171.81177 1007.15497 929.17535 963.54895 1045.03345 1134.75598 1196.46582 1179.89099 1076.86792 968.48590 911.97272 953.25568 1097.19824 5838.81055 105754.20312 102323.50000 17694.27930 2256.52197 1558.23804 1360.46899 1274.16003 1204.84265 1141.80090 1084.16943 1035.41724 987.68909 925.84570 856.14471 802.22223 768.13794 728.96692 672.01892 577.08337 480.03088 405.90955 315.36703 203.04659 107.93208 100.00000
614.18573 713.35327 861.81757 1031.85449 1126.97742 1162.54663 1163.79065 1122.22925 1146.70105 1283.45056 1454.28577 1588.65076 1634.24988 1621.05347 1640.30835 1762.37207 1749.23779 1513.11548 1264.10461 1091.57214 952.83130 904.22400 959.37512 1037.36377 1108.77795 1145.68359 1108.13599 1011.70569 903.41113 841.50220 859.84314 989.28192 1893.62378 34887.59766 115282.44531 58998.62500 4697.14844 1754.78003 1465.54553 1370.68750 1288.16663 1216.75012 1157.17407 1103.12903 1047.37183 988.52771 937.60004 900.77972 819.83612 721.52234 658.10608 573.69116 486.36230 417.70044 347.92624 235.84827 108.79277 102.50842
531.94220 619.72821 757.54700 1004.58582 1224.01379 1184.11536 997.71606 901.34351 978.43250 1168.44263 1399.53125 1529.62061 1523.18396 1446.25342 1424.86108 1499.22766 1544.43250 1416.57410 1199.96912 1017.99854 911.77203 897.95599 950.13666 1020.34961 1075.02478 1082.94214 1027.14209 929.62103 831.76300 790.27332 818.77051 910.44666 1034.28674 9340.61328 87581.63281 97027.68750 14836.82227 2042.34485 1657.09155 1543.74402 1461.10693 1391.35547 1330.47424 1273.86292 1217.86816 1173.15210 1138.29480 1061.50696 907.89978 756.04791 669.61163 587.92694 499.43866 407.69000 320.17371 222.72351 109.58104 113.35652
481.22745 566.45825 697.88837 959.26990 1175.04846 1041.30090 823.94580 750.43774 846.05157 1073.17261 1320.75354 1442.84082 1388.11902 1281.97986 1239.80798 1297.94470 1371.34509 1299.55896 1117.34192 950.51343 880.43842 892.29138 945.22888 1000.60474 1032.04175 1003.96454 929.77655 833.61853 756.63513 731.12518 765.81421 830.51721 871.92114 1549.55493 41630.33203 115134.19531 42469.39844 2395.57544 1903.39417 1785.10571 1716.85425 1648.98401 1582.05713 1516.73145 1461.25574 1408.76074 1325.87756 1175.26477 984.25238 839.16626 742.38678 638.11285 524.97534 407.24826 298.41275 197.76042 104.87743 110.21074
436.70593 501.72763 616.82404 808.62970 1002.39905 904.57715 749.63104 716.58356 794.74274 991.68298 1239.17578 1340.68823 1265.82397 1158.82739 1108.61060 1149.73596 1228.15540 1178.67542 1001.76801 882.10175 856.22852 890.41071 943.41248 985.39685 977.64636 909.22412 817.55493 735.85681 679.25415 666.98785 716.01331 772.02631 781.25415 766.40582 12342.53906 113022.31250 71000.99219 2883.86523 2175.82251 2056.22021 1994.07544 1918.51575 1837.15955 1751.62207 1657.90234 1539.98364 1372.41187 1161.15515 967.63306 855.15192 765.72223 659.44788 553.81555 450.04907 345.85086 235.95505 107.71607 100.00000
402.42200 430.87979 506.20905 625.89099 764.79834 732.35730 651.16266 660.68744 750.16125 923.06567 1137.61780 1257.57751 1210.05664 1093.57434 1013.84686 1021.69788 1087.66284 1032.65222 876.79211 816.34320 840.54248 894.99158 950.74292 967.99390 908.84027 804.17120 708.40570 644.40381 617.98413 630.71527 697.82684 727.55811 710.38715 743.41718 1780.60474 87929.45312 93436.31250 4044.53076 2429.96094 2268.25732 2191.98633 2095.22168 1984.25500 1852.75366 1696.51416 1499.10034 1272.30774 1045.64868 871.33972 766.42352 676.92084 593.42188 515.34143 441.10266 355.66849 266.87225 145.93488 104.85661
