3_day/2_stats_I/R/data/carea.asc
NCOLS 367
NROWS 415
XLLCORNER 712367.5000000000
YLLCORNER 9557227.5000000000
CELLSIZE 10.000000
NODATA_VALUE -99999.00000
[rows 300 to 324 of 415, columns 232 to 289 of 367]
1942.74463 1639.36047 1659.96167 1810.14465 1919.79907 1807.17566 1570.37463 1332.62476 1119.68457 899.95282 710.75580 615.87067 570.29059 524.88751 478.60266 423.50076 398.74292 384.24600 396.98077 424.95551 495.91489 632.98047 811.47406 961.96118 1040.34924 1034.98340 895.02820 718.85730 619.57574 538.84961 434.91278 323.22403 220.55974 159.12354 143.31975 172.87474 244.99529 313.23083 374.42508 440.39035 526.77209 668.30096 931.93665 1219.06348 1257.89783 1106.25818 985.20135 991.57971 1081.60645 1189.48438 1297.52856 1436.65466 1612.41870 1721.55359 1798.16699 3294.09595 39519.91406 62492.93750
2593.29541 1845.85437 1743.84998 1688.04736 1676.19629 1613.65662 1512.78320 1383.44519 1257.41370 1151.16602 992.62695 792.93549 640.79431 517.20996 423.66513 383.01929 377.84146 412.96481 455.82108 505.10675 600.08685 785.16205 1021.40253 1207.69971 1345.36768 1342.54456 1089.87671 845.08228 733.60699 618.30389 490.25116 368.08261 262.19547 174.10831 125.62370 133.77034 191.81517 262.35571 333.79837 419.25211 534.71350 718.63086 1010.85748 1125.86414 1036.01929 920.67926 885.20068 945.87335 1065.28284 1181.40271 1283.14221 1401.44727 1482.80383 1489.09912 1489.94019 1613.60852 16529.61328 66787.79688
3271.68384 2109.33472 1672.86853 1444.84851 1320.85535 1261.40637 1219.65613 1156.96826 1089.39185 1040.52930 987.12085 816.42798 599.00323 440.22913 354.91937 346.46304 377.33182 452.55621 528.76544 603.08508 737.97852 1029.29224 1357.02539 1504.29944 1618.46619 1571.83215 1202.09607 943.85474 816.01392 681.74426 543.42334 421.38046 316.22321 223.51561 142.66959 113.74873 138.67104 213.95746 295.79681 389.48154 518.73218 700.67181 878.31030 922.91357 856.40076 812.14429 829.34167 906.53925 1020.19214 1116.14087 1199.93982 1321.81750 1374.36377 1394.06946 1429.11072 1506.79993 3191.49878 54831.62891
3105.86377 2478.24072 1705.32556 1253.51929 1025.51233 934.89581 876.71368 802.22272 706.37183 602.25269 530.45166 493.34955 401.68729 312.76837 300.81116 319.89655 399.12506 510.76636 626.20648 729.57294 943.73810 1367.44666 1681.79016 1693.09009 1792.91748 1776.90149 1320.56543 1057.75256 927.67639 788.92694 648.36298 524.67096 412.90027 309.77832 222.06871 136.91277 122.31418 164.67012 253.59058 353.07840 475.95941 613.07898 721.72351 755.28278 746.09741 748.92371 792.52350 876.42871 967.59784 1021.55438 1083.02637 1214.01453 1325.55566 1379.90466 1450.86169 1558.42529 1693.21619 18419.88477
1916.11401 2156.37598 1615.26904 1195.90393 912.97662 761.38849 672.07300 574.96460 462.25476 360.50024 289.57339 256.24948 232.30844 235.72350 265.78867 336.95184 451.94836 597.46832 756.66840 931.84277 1225.21472 1659.67139 1860.71338 1866.78833 2065.39575 1989.68066 1465.44604 1217.69531 1093.74426 947.99182 797.13733 655.67395 523.71326 407.85345 307.62250 209.60374 131.79547 135.36461 204.28056 305.91956 415.84741 520.97260 597.19775 636.94012 661.99005 702.99701 772.21777 859.35413 934.54993 975.36261 1048.45435 1185.55347 1285.04639 1332.91174 1399.10852 1497.08887 1620.94153 3018.90039
1177.10425 1364.48083 1247.71838 1078.79712 881.70282 706.11298 593.77728 486.14169 367.19000 268.24060 217.46005 187.40924 198.31390 229.94366 291.33279 389.61133 509.01398 659.32935 859.39215 1142.68994 1508.13110 1862.29797 2014.49341 2133.31421 2393.96948 2228.82007 1678.50647 1417.80676 1252.98047 1066.45093 885.21411 718.56128 580.53186 472.51816 370.98889 266.92377 167.10773 129.59418 156.19142 248.97034 345.77670 431.89734 497.41187 544.63806 594.03253 665.70850 759.24127 852.82800 902.97534 940.35767 1018.56348 1122.50940 1192.03101 1243.00952 1286.15698 1358.76379 1459.77881 1664.39783
906.38513 923.77393 901.26721 857.55518 784.34875 652.70343 528.79077 436.24915 329.99789 253.53911 219.32256 218.52646 231.74261 284.48459 365.12311 457.75327 556.81726 685.24524 909.96094 1314.59900 1792.56921 2083.18262 2200.66284 2388.83081 2719.29541 2621.78711 2038.49634 1610.26416 1308.40283 1044.81055 854.90344 715.01807 609.85010 513.63220 412.27664 312.18649 223.41084 150.28587 142.31468 186.51678 272.37943 349.76654 413.59058 469.42572 534.91730 629.46875 739.55151 814.64508 834.48602 842.77936 902.35303 985.40295 1067.50122 1134.07739 1183.67004 1240.05066 1295.20190 1384.19312
787.98047 745.75928 703.37091 655.46582 614.70404 538.99451 434.21289 360.75546 297.95010 269.10782 265.22986 260.18030 288.79504 363.10498 454.24429 537.30450 606.35291 688.85071 895.88025 1422.63647 2080.38013 2323.56201 2393.81396 2576.59985 3056.23633 3341.93799 2454.60791 1610.41199 1167.05627 901.77734 756.41577 683.03625 621.60883 543.63940 454.16141 369.32706 286.59790 200.94029 149.25572 152.32445 199.32515 273.05701 338.48666 402.45529 478.43466 583.74762 686.59808 727.27039 727.29779 739.47552 788.17633 871.85724 975.21735 1053.80359 1114.11926 1164.20300 1198.22803 1253.08118
740.13043 675.63312 601.10571 531.34698 479.34814 433.46796 366.89670 300.02386 274.38373 288.97394 297.67844 291.45895 341.49243 455.10120 563.91516 642.73181 683.64319 706.28778 837.68018 1440.02649 2338.13770 2597.43896 2651.62646 2830.03442 3537.39746 4635.02979 2505.84692 1364.14209 974.36249 804.18866 718.67273 673.93732 626.32745 565.43298 496.09189 418.02368 335.07727 252.06287 174.69891 146.97328 153.57782 196.78719 264.65884 332.85736 411.84564 511.75705 590.89935 614.37952 625.97711 657.48523 718.62378 812.46283 932.71686 1027.01550 1071.91919 1087.99084 1110.49011 1163.85583
698.35596 624.96124 542.57074 461.01065 388.35623 327.62259 282.12750 259.16559 281.73685 308.97159 317.58728 332.29834 414.90536 556.28857 678.59808 751.19818 776.63000 758.71552 859.38348 1430.85046 2403.60742 2914.31982 3081.38794 3765.94019 5649.93994 5110.51270 1896.97681 1158.79028 923.89966 825.29669 767.88940 704.39594 643.46417 594.90009 522.97827 433.98190 356.07437 286.50104 220.08142 162.94658 145.41553 155.67732 190.30644 254.40114 328.51517 411.89365 483.14676 521.84656 552.54535 598.01855 673.93311 784.10266 908.55884 977.09198 971.70270 964.25830 988.61664 1046.58105
627.00031 562.07593 487.94870 410.15033 331.57059 268.66537 238.71799 267.75171 304.42151 339.77002 364.67224 398.96133 499.21918 655.03217 785.54242 856.18079 866.85602 845.23566 974.38733 1503.25879 2402.16797 3198.81616 4240.30518 6652.75635 7287.25146 2984.38965 1397.07349 1115.76428 963.89941 872.13580 780.22955 679.81433 610.24500 554.69342 476.83774 405.87631 362.49985 316.08029 263.28125 219.59064 175.48898 156.97511 164.76358 184.29646 242.91644 322.17258 397.99634 448.97385 487.21304 543.29486 634.06647 742.33038 828.09857 844.52588 823.77307 832.64539 876.17529 949.13623
529.64032 477.07764 416.12744 349.60529 285.57898 253.66273 265.28775 299.18152 352.14240 395.04919 427.06680 477.51068 592.71069 755.34869 883.93298 960.09558 972.43555 972.74799 1132.02039 1642.08582 2506.35815 3886.45483 7003.01514 9060.54492 5047.86230 1604.74487 1200.27649 1095.45154 991.43793 867.08362 711.45752 590.39502 526.50372 455.06717 398.79736 395.41452 398.35455 369.37708 328.04077 296.02139 261.75543 205.76112 169.40378 170.09480 181.06235 248.93265 324.29523 373.43106 415.99780 483.92841 580.70190 660.56317 691.94055 694.85461 706.37817 751.18243 821.95557 927.71405
414.48804 371.75003 322.94666 272.66211 248.17340 263.59949 294.48239 352.75250 417.22656 461.25818 497.99219 557.90472 691.85205 856.81561 972.66693 1083.15540 1120.94153 1122.97559 1320.56482 1870.24976 3067.46143 5928.91260 10038.32324 8363.60254 2539.00171 1062.39429 918.44623 872.67218 812.98230 716.17834 594.75635 521.88928 474.35632 419.14124 399.32986 453.07788 509.06735 489.28741 442.04941 405.35269 357.50879 291.30566 217.97580 173.02931 170.74577 189.23662 244.02148 292.74335 342.46808 420.32159 507.73758 549.95233 561.55200 585.16760 640.01367 726.43042 835.46002 961.08655
292.16153 254.76715 224.14627 220.20293 255.92114 293.04422 348.23581 422.79681 490.18149 538.98853 578.08319 635.01074 770.24438 927.55243 1048.37537 1191.69934 1306.79626 1372.31458 1612.96851 2326.64575 4800.89404 9921.14453 11217.87402 5216.89795 1321.56433 747.01227 627.46783 579.70905 525.25159 476.20273 481.32840 504.18301 474.60291 431.03189 459.64175 587.97443 689.44440 645.04883 566.76740 520.63086 455.85199 371.71878 288.58203 214.17708 174.20471 178.75230 183.14633 215.08984 268.67496 345.68582 414.61349 439.71863 464.91989 521.27368 619.54675 745.29333 867.08783 973.63690
171.83574 167.43813 189.78185 240.43195 296.70032 365.05978 439.53079 517.12207 584.18811 636.26392 675.87579 720.06702 809.80908 923.74933 1048.96716 1216.97754 1440.61694 1674.17090 2073.88379 3395.73145 8751.45215 13463.12598 8090.01904 1663.80688 683.12280 548.80292 471.78555 427.09790 394.23853 401.87930 480.51978 552.89539 528.90491 486.26825 550.23468 773.65820 894.03973 778.65027 716.38348 671.04633 558.21936 446.69113 354.59488 281.93698 219.35439 179.46524 177.51030 164.52245 193.88736 261.99194 320.82526 357.30896 407.72266 499.25238 635.95563 772.86102 859.82819 923.09521
133.28694 166.89041 222.79346 313.32297 403.06183 481.67239 560.77216 639.49005 704.35193 753.21643 798.49249 844.98358 871.68579 871.64166 917.75787 1078.88330 1358.42542 1764.64905 2512.62524 5362.76562 14505.84570 13612.67090 3389.14404 817.23297 539.18365 468.98627 429.56406 404.64081 404.21533 455.60889 584.04504 685.63354 609.05688 570.92511 697.28607 970.76788 1052.91895 977.47192 1063.89709 888.58423 661.76526 520.08118 427.02356 361.97620 299.94601 225.38519 176.43304 156.39238 145.11171 188.28340 244.32809 300.75552 386.33929 508.61853 654.79797 751.61975 785.46912 811.27863
196.70824 257.09567 325.24524 429.45709 543.33905 635.87048 714.15833 784.83221 833.84131 875.09955 929.31555 974.58582 944.22742 828.09821 765.72620 855.63629 1078.21619 1433.46362 2224.51440 7082.30957 23107.28516 11335.48926 1450.53735 637.61804 496.85535 449.77011 442.73639 458.69131 496.84082 593.04120 728.29919 755.26617 658.15424 672.79681 860.92493 1152.52356 1384.79590 1576.26721 1428.16272 970.91608 733.81903 604.08752 519.01788 459.05872 383.58026 289.82642 205.18379 151.99673 126.24493 131.70207 187.74765 267.79446 377.08038 509.26886 615.48212 655.41650 668.43915 702.07574
317.03827 375.62354 437.78040 552.59692 713.79144 834.29974 891.75903 923.92090 949.84827 986.65198 1059.15161 1090.50635 996.34235 809.88367 676.88220 718.61951 894.63770 1109.38013 1603.63525 10300.84570 27040.86523 1967.68701 676.93927 508.98538 441.31158 447.38980 501.40805 557.17578 640.07916 738.97186 780.17236 737.79852 708.44824 808.97534 1126.12122 1687.26050 2344.18726 2020.27795 1239.97998 909.37079 802.56348 720.29309 645.12134 578.33679 468.56323 353.15073 265.01007 195.05688 137.84700 115.73764 144.29482 238.94682 346.76355 447.21103 510.26407 537.42261 567.71796 631.18909
438.19345 493.14862 545.77423 674.14618 916.29669 1063.69092 1054.40942 1025.81006 1043.37134 1103.82959 1181.01587 1176.26196 1028.38660 796.53162 636.18579 673.01080 856.40527 1126.80408 4213.08936 30658.85938 6057.78711 509.77747 432.43961 394.46332 410.96555 493.58249 605.91705 693.98749 787.15424 827.85406 759.64935 702.96729 759.24872 1020.75031 1879.79358 2982.09839 2623.35547 1476.64197 1070.50293 987.56287 945.90399 837.18121 749.58600 673.11639 542.65192 427.85986 346.18701 276.98154 205.07462 136.01071 131.68457 190.58127 284.29153 355.28448 402.92734 442.68903 503.17154 598.07977
617.35681 634.61664 657.48694 804.80841 1103.75610 1256.80383 1179.33533 1106.78784 1141.20166 1224.62744 1280.28040 1227.00183 1039.65356 804.54065 653.68500 679.35229 877.76239 2024.80640 20517.97266 20356.50391 1484.78870 345.32898 304.56891 344.99142 434.89844 611.84961 760.47253 833.48187 911.27435 884.83569 777.79382 742.62061 866.24994 1410.59521 3506.63452 3988.67139 2025.30408 1267.63086 1228.69727 1304.30554 1182.58997 959.81158 819.16626 713.94305 603.67786 518.83875 447.58081 371.85397 288.89090 199.26588 142.11256 152.45827 208.12506 269.51410 318.01123 377.85773 469.29626 586.92279
817.93585 743.43530 731.30872 893.00134 1214.66626 1393.38635 1312.84778 1229.76880 1266.77466 1343.83984 1356.44592 1247.62732 1048.85400 847.30804 722.51959 732.38940 1100.69629 7950.38135 24835.31836 12187.28613 644.09009 303.20004 265.02100 328.68457 527.15692 785.74768 930.52991 1010.42548 1070.99658 1024.23450 1010.75183 1296.72681 2437.58545 6154.77295 8058.09717 4567.14111 2347.27661 1823.21912 1746.38000 1618.27319 1323.44604 1092.25940 932.67908 796.00415 695.79608 624.62714 548.18951 455.20969 358.38690 265.47711 175.82573 152.66911 154.77148 198.20570 257.48026 339.31854 449.06540 566.34326
951.10181 803.07428 766.28870 938.68811 1275.07642 1507.69629 1489.16248 1409.69763 1425.38037 1474.23401 1422.19580 1251.32556 1060.60583 920.03918 873.74286 1180.45801 4591.58301 18394.77148 21768.39453 4426.29199 455.52145 290.05035 262.31317 369.22324 649.97052 1035.40039 1256.89941 1698.51147 3050.24438 5922.84961 8130.71826 10925.12891 14628.15820 16031.75000 11034.35938 7505.11084 5444.40918 4017.47656 2822.31665 1911.66052 1411.89478 1217.32959 1083.32263 941.42627 826.46857 732.66547 623.64490 510.35138 410.68524 323.50531 236.07883 162.81412 145.42429 153.17935 217.12148 309.19525 416.63226 507.91159
1111.16248 839.97925 783.76215 984.52380 1328.54724 1610.92944 1697.13281 1652.20007 1653.17175 1658.69653 1504.84155 1244.65930 1067.47583 1076.23706 2162.28320 8499.98730 25157.92578 32206.96680 15568.64160 1802.93958 1414.87268 1752.12268 493.79636 891.34094 5847.95605 24998.85352 26552.27930 23064.26758 23219.46484 23064.91211 22644.05664 21085.79297 17647.25586 12428.21094 12155.39453 14256.75684 12440.23145 9056.67871 5992.25781 3488.68970 2225.44263 1755.84827 1481.02661 1210.42029 1018.57825 867.83197 710.27686 578.39557 487.99405 410.00656 318.48587 222.64522 156.03540 143.98192 180.78900 265.71344 350.37683 429.93692
1237.78687 868.41687 812.74396 1046.16528 1383.50708 1706.75696 1956.90076 2014.22827 2067.02832 2023.12952 1750.61670 1640.37976 2585.17554 9422.01953 43294.96875 57283.61328 56768.23047 46452.49609 44608.34375 46358.42578 39631.77344 33985.87500 34780.25000 45388.56641 46449.04297 25043.70508 22375.05859 24089.15820 19559.14844 14898.50293 11494.95703 8509.85156 5508.13086 3549.78174 1919.01355 4225.08203 7161.58691 8067.12549 7793.82324 6540.85254 5057.09521 3907.35889 2991.86572 2169.91968 1568.48743 1180.46924 946.75446 788.59210 675.29504 561.39313 428.85321 304.33444 195.21019 149.40738 146.41083 204.96877 280.95294 365.57565
1282.86621 939.02686 910.47070 1155.69727 1539.14294 2067.50366 3495.30029 8902.96973 26102.62109 36272.63281 42306.56250 51058.08203 67761.35938 93121.35156 71403.21875 42280.82422 24795.32031 16603.10352 11808.88281 12592.81348 20315.54297 21762.48242 19297.24609 7036.91699 669.88898 614.86523 606.21545 742.08228 1019.02026 1503.89856 1511.18018 1425.35205 1183.57886 774.56561 847.48639 1166.49255 1762.33752 3138.90723 4975.28516 6008.48242 6405.12158 6176.63818 5438.39990 4511.28613 3359.68481 2137.06885 1423.17041 1128.93884 892.91077 677.11823 500.70578 358.70236 235.46732 152.49065 125.65850 150.59471 228.50006 323.89648
