3_day/2_stats_I/R/data/carea.asc
NCOLS 367
NROWS 415
XLLCORNER 712367.5000000000
YLLCORNER 9557227.5000000000
CELLSIZE 10.000000
NODATA_VALUE -99999.00000
[rows 350 to 374 of 415, columns 290 to 347 of 367]
839.57397 566.65375 448.49863 399.67358 411.04752 484.72525 646.89276 739.71606 610.29175 463.55719 424.77002 427.72028 430.49704 411.15875 393.95801 389.15854 362.55960 321.88541 275.07410 221.03505 174.27380 160.42375 175.92908 247.75989 315.41296 326.30930 296.79794 272.78973 278.73022 325.60089 386.81683 415.10266 441.64395 485.53299 418.41693 296.32309 297.33600 448.31366 831.41858 1505.95947 1861.30127 1942.28723 2151.93579 2365.79346 2286.29639 2152.54175 1932.20935 1097.31995 613.27350 551.20911 685.54950 1298.41553 16184.14258 31578.45508 9593.30859 2054.31909 1730.20288 1411.46863
522.55688 395.86914 330.23932 342.62039 411.08838 552.70770 761.20190 887.76752 739.28638 589.91534 596.41449 618.58313 601.30133 590.86694 593.02350 577.02917 537.89581 492.71832 428.89563 356.63531 298.14960 284.00842 272.57806 272.45981 301.30475 295.47345 268.16464 237.00374 221.05553 231.07935 271.97662 305.19897 345.68680 377.74182 356.08636 336.64206 379.77609 617.73120 1161.92236 1731.34705 1776.48889 1703.55811 1851.45093 2041.56726 1978.61572 1888.35144 1633.33411 927.71674 606.48486 616.04077 761.97327 1053.71082 11618.92383 31181.87305 11695.43652 1821.24292 1684.65601 1501.96387
361.71957 287.01788 256.48999 314.18167 473.97113 692.63611 929.35162 1017.49011 905.78564 831.52759 840.97137 805.80261 785.40509 793.14410 813.82629 809.62744 787.60822 748.92377 680.13971 618.73859 599.75543 594.32141 495.67651 373.71280 334.52463 302.67007 265.83533 234.28619 202.82727 177.71172 191.99879 225.37213 268.99597 299.58188 334.58481 397.37466 564.16382 921.13879 1426.75439 1532.91211 1430.42883 1394.71716 1597.97046 1872.12061 1866.42896 1702.60889 1294.50146 729.71411 553.52686 632.53101 825.09375 1113.64258 6838.56982 33140.73047 11793.96680 1586.41956 1509.43164 1467.16626
268.79822 239.69882 223.91891 351.71747 618.94916 930.33936 1142.54480 1135.81482 1123.48413 1096.25439 1013.31384 979.89056 1013.76764 991.98779 1007.34070 1062.20837 1082.85388 1037.91309 971.89349 928.74774 887.64441 764.31927 580.60333 457.19229 397.01004 349.51013 300.90598 253.30489 205.41046 170.13933 145.56593 160.77629 208.06778 264.86121 341.33536 468.48608 711.42889 1099.47559 1259.83643 1174.54749 1154.35339 1237.89673 1532.55103 1833.49365 1771.25476 1409.07227 919.32202 557.90942 532.08502 734.16534 1047.61536 1498.99548 7677.07275 30937.59375 11767.76465 1565.65198 1357.16211 1307.16138
242.67752 237.48114 281.89322 448.61569 795.82227 1232.79224 1418.70081 1382.00964 1417.81982 1374.21521 1334.14636 1425.27930 1468.80884 1348.00769 1316.89258 1378.41211 1379.50293 1271.00110 1154.81262 1047.80542 891.40710 679.96576 548.77081 511.08264 475.09293 431.19913 377.97693 315.06592 248.81601 184.68573 139.71245 123.60149 171.05624 251.32558 355.12277 505.61038 720.63452 897.02924 919.23724 1011.39929 1133.57410 1251.12341 1535.70459 1720.78882 1486.27954 1049.46265 673.05347 574.78931 718.29700 1022.79413 1422.99731 2063.52148 10780.63477 26195.79492 10940.38965 1619.18005 1251.91797 1108.08862
241.79411 303.33337 383.96140 574.26721 1000.70685 1639.21240 1934.70312 1995.50452 2272.42651 2624.99414 2836.33350 2803.49268 2408.85327 1986.62244 1760.94836 1702.29639 1582.42383 1389.56580 1212.58289 1031.52808 841.57526 700.26801 632.65106 602.68768 568.60571 519.45361 455.35492 381.63141 306.56351 231.93134 160.40623 124.06718 141.34320 236.27388 349.88528 486.07935 615.12714 680.74139 791.02924 1011.16058 1166.60083 1248.55200 1442.25879 1451.29529 1124.24072 794.93713 606.90845 642.67151 899.87347 1251.57507 1623.49304 2454.34741 10224.90332 22588.50000 10360.44043 1781.58020 1288.12122 1047.78979
331.21124 434.36752 545.49927 776.80560 1406.40112 2446.03149 3047.97607 3521.96704 3943.94141 4144.66699 3934.90869 3419.14722 2792.34644 2362.53516 2106.13086 1912.26331 1643.39941 1401.35010 1209.90161 1037.42200 901.02472 819.27948 774.82159 721.28198 650.54919 576.83551 500.64020 428.92422 358.10526 280.12894 193.58662 131.22388 128.71677 197.39888 309.19101 420.42508 502.85745 597.22980 774.64557 968.19543 1051.06116 1130.72363 1252.72412 1145.34973 860.46722 657.63879 597.91248 710.36536 985.20917 1286.90247 1568.14722 2328.51782 8379.45020 20050.73828 10936.39648 2162.80542 1497.24353 1195.39783
411.12146 535.67120 714.57208 1202.27026 2509.62402 4036.58862 4746.10498 4622.12500 4372.18945 3629.97119 2607.31738 2162.58423 2086.64136 2164.55640 2162.93994 1913.50500 1567.22803 1317.73132 1145.70044 1017.52942 928.90680 880.48639 845.56439 781.11737 701.90662 629.00317 557.74225 488.92676 412.54782 325.55527 234.09335 146.91196 124.71816 160.21507 254.46556 336.43753 422.23886 571.14276 767.28284 872.69708 892.03198 952.51685 1019.41406 919.14148 708.06219 570.68842 636.04266 845.93884 1070.69897 1278.05420 1590.60608 2308.64380 6712.80518 16936.82617 11799.57910 2850.21411 1768.15295 1447.72534
507.13858 626.52283 865.53821 2127.51245 4240.39111 6020.55469 5398.41943 4245.25781 3260.47632 2252.32935 1475.26306 1334.39465 1545.30615 1786.21045 1814.14966 1587.63977 1328.58801 1135.18396 991.65222 891.01422 835.63336 824.34052 813.66406 779.89917 741.96930 698.43188 644.07092 575.37512 487.53485 393.87497 303.86841 216.74638 143.14621 142.47392 194.15822 270.01816 383.36990 575.53247 719.59271 730.61572 727.14838 762.90674 804.99603 778.11072 640.28546 613.14404 789.41681 1056.70544 1201.32520 1429.04211 1864.39514 2538.07715 5538.79492 12908.02344 11637.04199 4239.60254 2056.03857 1634.34778
646.28595 900.27454 1861.40503 3837.67358 6151.35107 6882.39746 4685.34912 3279.67603 2418.22583 1820.56775 1391.15259 1329.26904 1507.47705 1587.78394 1478.11426 1278.39685 1095.57874 940.45789 821.07428 733.05304 719.03625 776.21643 811.34174 816.80048 816.59174 798.59180 746.82892 667.26740 574.57245 484.50378 399.10754 306.19107 199.97858 153.53441 156.45296 236.07867 381.90573 546.75262 578.33813 563.49927 595.92175 620.22961 640.80621 679.40076 650.87561 765.75720 1015.06183 1149.84363 1295.55884 1684.51733 2203.10620 2760.51855 4554.83838 9339.28711 10358.83301 5500.76953 2596.26123 1851.57056
821.52148 1885.22546 4513.66602 7591.25293 8705.72070 5785.99512 3622.65356 2974.29028 2656.17114 2196.53662 1831.71667 1714.74475 1687.53857 1574.60974 1392.67053 1205.91418 1024.88599 869.98901 766.48779 714.91516 757.58765 859.05664 919.27240 952.99518 967.43719 933.12207 848.84912 746.13214 652.69635 567.77747 477.05573 373.50775 263.50574 180.40070 160.51704 211.92258 344.48523 430.28427 419.15094 465.74438 523.11456 511.08884 504.75143 625.21851 750.10883 871.21350 955.73151 1035.91638 1449.04651 1968.38574 2410.54932 2732.15283 3703.03003 6817.67725 8111.04199 6099.04736 3433.31348 2239.88037
1215.47791 7241.98682 17539.53320 17925.68359 13774.27637 8340.21973 4135.03857 4361.12549 3623.03271 2631.53662 2174.27271 2018.42981 1856.70508 1640.85059 1418.39001 1228.43872 1084.86353 973.33118 914.88544 916.58752 1001.52142 1096.91138 1160.19141 1197.21204 1181.48828 1088.29504 953.28137 828.08484 724.60876 627.69666 522.92535 412.48969 310.94559 226.72301 186.08134 194.16899 252.71249 301.07202 332.12152 399.34882 425.82355 397.98074 443.40363 668.32227 829.75970 777.49292 733.43018 1003.02570 1703.03235 2137.74121 2297.31519 2466.56934 3133.52588 5066.79053 5720.40771 5432.31787 4065.14331 2675.47046
12753.30762 36498.10156 37782.78516 32300.02734 28917.27344 28238.63867 26190.05078 16982.80273 8967.19824 4857.00098 3258.07422 2454.16138 1961.51904 1602.88696 1308.48145 1095.78308 1014.02997 1039.93616 1123.54895 1219.22424 1332.57312 1426.59082 1479.44055 1471.16492 1378.91199 1222.38928 1063.52490 932.73840 816.38654 697.24506 574.51428 460.89334 368.69299 294.41379 228.69348 221.45961 227.16798 229.59009 253.71980 293.99658 310.72589 322.16028 437.08197 658.71582 696.40405 621.53198 680.55042 1133.73828 1810.72278 1998.88879 1973.70056 2156.43164 2593.57104 3396.06445 4078.51782 4395.57764 3901.48193 2955.46362
52923.00000 45266.11719 31088.03320 28657.64062 29748.28516 33181.73047 39507.81250 39040.99219 30012.11914 17173.89648 9095.42676 5752.07959 3305.78418 1720.63806 1063.31006 837.19788 794.15594 945.60413 1204.33765 1468.54797 1657.62292 1761.86584 1766.76404 1671.88342 1501.99597 1324.31812 1188.38525 1075.04980 960.13416 828.22552 695.12756 584.15314 496.31561 419.41217 333.37180 266.81458 247.06955 228.24486 208.95381 212.52826 227.33676 269.97650 400.07196 516.64026 516.57953 576.73285 805.68524 1296.53040 1737.30798 1687.87878 1673.74292 1966.06238 2256.29419 2518.85254 2952.73218 3428.71899 3511.68945 2975.11304
40885.01953 17873.24805 14064.77246 13439.68848 12844.30273 10854.68652 7813.99072 18534.50586 28752.71289 29809.26758 24481.22461 18000.78320 12515.26367 6717.57666 2565.10767 1045.40845 919.72321 1090.21155 1396.72900 1772.84106 2011.61267 2067.51587 1980.92651 1810.00696 1624.80200 1478.86621 1372.92371 1282.61230 1167.43909 1040.05017 921.68085 818.71136 725.80951 614.98193 495.55255 394.76572 325.48441 268.12433 223.52927 200.68623 176.29834 211.36217 306.86740 366.00354 429.92621 611.65826 943.59265 1380.61670 1567.80737 1422.06067 1490.15564 1827.62891 2122.36816 2023.09509 2070.27173 2687.56201 3190.76074 2896.85132
9764.49414 6618.89355 5161.64502 4203.22754 3069.44751 2083.76855 2256.71851 4399.21582 10146.29102 18593.95508 24165.44727 25312.06250 24092.45703 22118.88477 16996.02930 9334.99121 3761.89795 2053.52148 2143.99658 2569.05151 2665.10303 2511.03711 2277.08569 2063.77661 1919.32239 1821.80066 1725.05359 1602.21423 1466.66174 1339.60242 1225.13757 1111.46912 982.15179 836.67615 702.57996 588.19482 492.48325 411.67609 331.48590 244.84322 191.87128 170.45596 218.37869 278.52582 427.19727 706.13000 1039.47852 1307.89465 1275.59570 1217.93701 1412.44641 1649.64905 1839.37000 1695.21118 1608.16272 2122.84912 2796.50317 2733.02588
3766.97437 3091.08862 2239.06250 1592.82483 1278.64014 1244.24805 1398.30542 1903.42236 2917.91650 4777.25342 8846.31445 13402.08887 17177.99414 21255.16211 26437.41797 30377.34375 24859.44141 12098.41016 7778.61328 6514.81836 5283.31104 4199.62695 3405.01514 2922.03418 2687.09790 2508.38989 2277.80786 2039.70837 1840.77490 1685.36487 1553.12354 1406.40857 1235.73596 1072.64612 935.38934 810.23846 688.76227 586.57788 477.60626 351.56299 244.75394 185.16565 169.61133 260.16742 485.09937 771.40240 958.21667 1065.30408 995.93274 1072.76013 1374.66077 1465.53979 1472.89050 1463.03296 1464.61182 1719.03540 2156.87695 2437.45483
2081.00562 1972.62842 1546.78918 1134.36963 1039.83618 1059.06580 1159.70105 1431.75842 1870.41870 2418.77930 2986.47583 4176.42773 5938.25000 7774.47070 9841.19531 15231.40234 23016.42773 27914.50781 24090.25586 18113.54492 13675.82715 10495.55176 7958.37158 5800.70605 4480.42773 3656.70923 3015.52515 2552.15186 2245.56323 2037.65808 1870.14978 1710.17053 1539.86877 1363.33313 1174.22290 1004.24841 859.26532 737.67749 621.71552 500.83923 376.86557 263.45468 200.88286 280.53302 557.99072 728.15955 748.29297 820.91010 848.48669 956.99634 1278.76282 1371.18616 1238.26440 1259.97302 1431.78271 1477.48181 1580.30029 1953.95276
1426.08337 1482.23059 1438.43018 1052.05115 845.00055 810.98871 929.30200 1156.89319 1465.24158 1822.07666 2049.56421 2139.15234 2302.80737 2280.82568 2063.36768 2157.82153 3966.53027 9950.63281 15601.51074 16336.84082 16512.18164 16363.43359 14506.25879 11239.71582 7701.94238 5281.86084 3998.10449 3227.87476 2726.18799 2414.64624 2195.22998 1998.05371 1815.95630 1622.37744 1403.84839 1199.13220 1031.45508 901.32275 793.25397 685.52478 571.38074 449.24350 346.45197 383.66336 548.13727 553.76099 558.37103 669.72992 770.22583 881.01880 1169.32910 1218.30078 1030.06262 1049.10034 1285.89111 1336.58423 1318.76758 1519.82898
864.45972 962.27911 1129.47729 958.87592 644.52600 533.15210 658.24292 865.18622 1126.08081 1421.89832 1629.40564 1672.41931 1649.96704 1437.82239 1213.56372 1236.35779 1511.85364 2093.39771 2853.55054 4356.93896 5612.29834 7316.20801 9128.81738 10124.30762 8563.89941 6254.13916 4769.71533 3911.55347 3318.45557 2902.29175 2615.15015 2358.08398 2092.59155 1860.79382 1653.02222 1446.44751 1242.51160 1070.96191 941.16156 828.49963 718.27258 597.91968 486.70450 510.18414 544.45483 471.08459 459.76654 601.17188 740.46301 873.46399 996.14899 947.60980 849.35675 893.51282 1100.88574 1186.68347 1157.21155 1251.18970
512.95099 582.85413 674.51880 693.83087 508.72708 406.82880 466.47311 618.63025 829.55310 1091.92871 1303.61938 1346.07959 1327.92249 1270.96497 1118.24744 1096.91284 1340.94299 1751.48779 1882.03760 1674.05872 1587.19153 1971.17102 3240.99854 5449.51953 6988.00830 6315.15771 5268.14453 4534.11768 3965.21411 3460.60181 3073.68286 2794.10205 2526.01953 2250.98755 2010.89307 1760.45642 1510.24231 1270.23279 1065.09534 898.41022 754.97021 621.94373 539.50861 538.68835 516.22345 456.53204 444.55191 538.54138 648.93750 741.83087 792.99908 757.00970 749.87958 821.19916 950.38080 989.11572 996.55225 1094.45728
437.02222 464.31970 494.60315 490.13580 413.50742 341.74457 355.51672 444.08707 609.15979 829.68732 1026.98828 1063.69885 1037.00586 1076.53748 1059.28479 1047.30615 1242.98865 1595.04504 1733.11536 1577.06250 1376.63086 1329.63586 1718.23584 2925.55078 4565.19043 5428.44824 5420.94824 5012.66602 4472.70654 3887.03345 3323.93921 2970.83984 2812.59985 2626.84058 2379.12061 2104.53223 1799.86462 1493.75281 1206.32507 968.82886 787.73547 657.09106 595.69904 548.39514 483.74387 432.00879 423.87592 489.70419 561.51050 586.20154 636.31848 645.61200 677.54999 747.58606 815.28351 829.82227 880.15649 997.10156
417.81903 408.10074 422.58142 419.52405 360.39380 298.97141 285.24622 347.13794 470.86740 642.60004 800.43915 815.70636 809.94330 830.04578 862.90771 912.47284 1099.97742 1354.13855 1500.90417 1472.31042 1372.13062 1265.99341 1311.93225 1702.46240 2519.06445 3560.53735 4248.79736 4495.04248 4363.39648 4010.79297 3467.92456 2881.62891 2583.09570 2564.35229 2536.44360 2371.26929 2064.40723 1714.58850 1385.16870 1117.51978 914.64001 774.11072 689.91620 617.52313 524.47113 439.33167 406.87851 449.70416 512.86566 501.34140 480.92084 523.82477 594.30615 660.44421 696.66248 705.56799 774.75995 895.90924
418.96082 396.83810 395.77838 396.58484 382.67007 361.91150 359.17871 364.67389 409.23605 550.31616 670.71167 704.59888 682.17987 648.74377 643.96704 726.77228 892.15259 1072.50476 1201.13794 1241.43494 1251.62476 1223.24634 1207.56982 1227.14478 1398.32080 1801.77673 2320.19800 2852.54370 3243.64014 3413.28125 3358.31836 2958.18066 2470.43677 2342.36548 2365.68604 2358.50781 2231.90088 1947.64478 1603.74524 1311.02686 1101.24011 948.68048 838.14594 741.18750 624.78455 512.91974 454.77878 461.37357 480.91620 429.11554 393.86902 433.27002 509.75342 571.60760 595.72986 610.12329 675.83313 777.17596
448.36307 445.96912 473.01770 520.69598 566.56659 587.88452 588.26068 550.09106 521.17969 566.93689 674.21069 707.52216 665.70844 600.03326 549.14514 592.72406 697.20929 831.69196 938.86938 990.25232 1014.34479 1050.77856 1102.72339 1087.79285 1000.03607 994.63776 1108.75427 1375.96594 1742.29272 2078.33618 2394.19165 2525.98291 2301.19531 1966.47473 1842.18579 1902.77600 2003.70996 1978.44995 1765.44214 1471.56177 1244.91992 1089.96375 966.69281 857.54163 740.42401 614.73651 534.48846 506.60394 474.87073 379.44107 331.13135 365.18024 430.32462 486.67703 507.07635 522.23566 578.58466 655.65308
