2_day/4_ps/nat_haz/data/distdeforest.asc
NCOLS 367
NROWS 415
XLLCORNER 712367.500000
YLLCORNER 9557227.500000
CELLSIZE 10.000000
NODATA_VALUE -99999.000000
[rows 210 to 239 of 415, columns 204 to 271 of 367]
1358.83 1366.21 1373.61 1381.06 1388.53 1396.04 1403.57 1411.14 1418.74 1426.36 1434.02 1441.71 1449.42 1457.16 1464.93 1472.72 1480.55 1488.39 1496.27 1504.17 1512.09 1520.04 1528.01 1536.01 1544.03 1552.07 1560.13 1568.22 1573.65 1572.28 1569.42 1566.61 1563.86 1561.17 1558.55 1555.98 1553.47 1551.02 1548.63 1546.31 1544.04 1541.84 1539.70 1537.62 1535.60 1533.64 1531.75 1529.92 1528.16 1526.46 1524.82 1523.24 1521.73 1520.29 1518.90 1517.59 1516.33 1515.15 1514.02 1512.97 1511.97 1511.05 1510.19 1509.39 1508.66 1508.00 1507.40 1506.87
1365.62 1372.96 1380.33 1387.74 1395.18 1402.65 1410.15 1417.68 1425.24 1432.84 1440.46 1448.11 1455.79 1463.49 1471.23 1478.99 1486.78 1494.60 1502.44 1510.30 1518.20 1526.11 1534.05 1542.02 1550.01 1558.02 1566.05 1574.11 1581.21 1581.86 1579.01 1576.22 1573.49 1570.82 1568.20 1565.65 1563.16 1560.73 1558.35 1556.04 1553.79 1551.60 1549.47 1547.41 1545.40 1543.46 1541.58 1539.76 1538.01 1536.32 1534.69 1533.12 1531.62 1530.19 1528.81 1527.50 1526.26 1525.08 1523.96 1522.91 1521.93 1521.01 1520.15 1519.36 1518.64 1517.98 1517.39 1516.86
1372.45 1379.75 1387.09 1394.46 1401.86 1409.30 1416.76 1424.26 1431.79 1439.35 1446.93 1454.55 1462.20 1469.87 1477.57 1485.30 1493.06 1500.84 1508.65 1516.48 1524.34 1532.23 1540.14 1548.07 1556.03 1564.01 1572.01 1580.04 1587.97 1591.06 1588.61 1585.83 1583.12 1580.46 1577.87 1575.33 1572.85 1570.44 1568.08 1565.78 1563.54 1561.37 1559.25 1557.20 1555.21 1553.28 1551.41 1549.60 1547.86 1546.18 1544.56 1543.01 1541.51 1540.09 1538.72 1537.42 1536.19 1535.01 1533.91 1532.86 1531.88 1530.97 1530.12 1529.34 1528.62 1527.96 1527.37 1526.85
1379.32 1386.58 1393.89 1401.22 1408.59 1415.99 1423.42 1430.88 1438.37 1445.90 1453.45 1461.03 1468.64 1476.28 1483.95 1491.65 1499.37 1507.12 1514.90 1522.70 1530.53 1538.38 1546.26 1554.16 1562.09 1570.04 1578.01 1586.01 1594.03 1599.47 1598.21 1595.45 1592.75 1590.12 1587.53 1585.01 1582.55 1580.15 1577.80 1575.52 1573.30 1571.14 1569.03 1566.99 1565.01 1563.10 1561.24 1559.44 1557.71 1556.04 1554.43 1552.89 1551.41 1549.99 1548.63 1547.34 1546.11 1544.95 1543.85 1542.81 1541.84 1540.93 1540.09 1539.31 1538.59 1537.94 1537.36 1536.84
1386.22 1393.45 1400.72 1408.02 1415.35 1422.71 1430.11 1437.54 1445.00 1452.49 1460.01 1467.55 1475.13 1482.74 1490.37 1498.04 1505.73 1513.45 1521.19 1528.96 1536.76 1544.58 1552.42 1560.29 1568.19 1576.11 1584.05 1592.02 1600.01 1607.07 1607.81 1605.08 1602.39 1599.77 1597.21 1594.70 1592.25 1589.86 1587.53 1585.27 1583.06 1580.91 1578.82 1576.79 1574.82 1572.92 1571.07 1569.29 1567.57 1565.91 1564.31 1562.78 1561.30 1559.89 1558.55 1557.26 1556.04 1554.88 1553.79 1552.76 1551.79 1550.89 1550.05 1549.28 1548.57 1547.92 1547.34 1546.82
1393.17 1400.36 1407.59 1414.86 1422.15 1429.48 1436.84 1444.24 1451.66 1459.11 1466.60 1474.12 1481.66 1489.23 1496.84 1504.47 1512.12 1519.81 1527.52 1535.26 1543.02 1550.81 1558.63 1566.47 1574.33 1582.22 1590.13 1598.07 1606.03 1613.89 1617.05 1614.70 1612.04 1609.43 1606.88 1604.39 1601.96 1599.58 1597.27 1595.01 1592.82 1590.68 1588.61 1586.59 1584.63 1582.74 1580.91 1579.13 1577.42 1575.78 1574.19 1572.66 1571.20 1569.80 1568.46 1567.18 1565.97 1564.82 1563.73 1562.71 1561.75 1560.85 1560.02 1559.25 1558.55 1557.90 1557.33 1556.81
1400.15 1407.31 1414.50 1421.73 1428.99 1436.29 1443.61 1450.97 1458.36 1465.78 1473.23 1480.71 1488.23 1495.77 1503.34 1510.93 1518.56 1526.21 1533.89 1541.60 1549.33 1557.09 1564.87 1572.68 1580.51 1588.37 1596.25 1604.16 1612.08 1620.04 1625.49 1624.34 1621.69 1619.09 1616.56 1614.08 1611.67 1609.31 1607.01 1604.76 1602.58 1600.46 1598.40 1596.39 1594.45 1592.57 1590.74 1588.98 1587.28 1585.64 1584.07 1582.55 1581.10 1579.70 1578.37 1577.11 1575.90 1574.76 1573.68 1572.66 1571.71 1570.82 1569.99 1569.22 1568.52 1567.89 1567.31 1566.80
1407.17 1414.29 1421.45 1428.64 1435.87 1443.13 1450.42 1457.74 1465.10 1472.49 1479.90 1487.35 1494.83 1502.34 1509.87 1517.44 1525.03 1532.65 1540.30 1547.97 1555.67 1563.40 1571.15 1578.93 1586.73 1594.56 1602.41 1610.28 1618.18 1626.10 1633.14 1633.97 1631.34 1628.76 1626.24 1623.78 1621.38 1619.03 1616.75 1614.52 1612.35 1610.24 1608.19 1606.20 1604.27 1602.39 1600.58 1598.83 1597.14 1595.51 1593.95 1592.44 1591.00 1589.61 1588.29 1587.03 1585.83 1584.70 1583.62 1582.61 1581.67 1580.78 1579.96 1579.20 1578.50 1577.87 1577.30 1576.79
1414.22 1421.31 1428.43 1435.59 1442.78 1450.01 1457.26 1464.55 1471.88 1479.23 1486.61 1494.03 1501.47 1508.95 1516.45 1523.98 1531.54 1539.13 1546.74 1554.39 1562.06 1569.75 1577.47 1585.22 1592.99 1600.79 1608.61 1616.45 1624.32 1632.21 1640.02 1643.23 1641.00 1638.43 1635.93 1633.48 1631.09 1628.76 1626.49 1624.27 1622.12 1620.02 1617.98 1616.00 1614.08 1612.22 1610.42 1608.68 1607.01 1605.39 1603.83 1602.33 1600.90 1599.52 1598.21 1596.96 1595.77 1594.64 1593.57 1592.57 1591.62 1590.74 1589.93 1589.17 1588.48 1587.85 1587.28 1586.78
1421.29 1428.36 1435.45 1442.57 1449.73 1456.92 1464.14 1471.40 1478.69 1486.01 1493.36 1500.74 1508.15 1515.59 1523.06 1530.56 1538.09 1545.64 1553.23 1560.84 1568.48 1576.14 1583.83 1591.55 1599.29 1607.05 1614.84 1622.66 1630.50 1638.36 1646.24 1651.70 1650.66 1648.11 1645.62 1643.19 1640.81 1638.50 1636.24 1634.03 1631.89 1629.81 1627.78 1625.81 1623.90 1622.06 1620.27 1618.54 1616.87 1615.26 1613.71 1612.22 1610.80 1609.43 1608.13 1606.88 1605.70 1604.58 1603.52 1602.52 1601.58 1600.71 1599.90 1599.15 1598.46 1597.83 1597.27 1596.77
1428.36 1435.43 1442.50 1449.59 1456.71 1463.87 1471.06 1478.28 1485.54 1492.82 1500.14 1507.49 1514.87 1522.27 1529.71 1537.18 1544.67 1552.20 1559.75 1567.33 1574.93 1582.57 1590.23 1597.91 1605.62 1613.36 1621.12 1628.90 1636.71 1644.54 1652.40 1659.40 1660.32 1657.79 1655.31 1652.90 1650.54 1648.23 1645.99 1643.80 1641.67 1639.59 1637.58 1635.62 1633.73 1631.89 1630.11 1628.39 1626.73 1625.14 1623.60 1622.12 1620.70 1619.34 1618.04 1616.81 1615.63 1614.52 1613.46 1612.47 1611.54 1610.67 1609.87 1609.12 1608.44 1607.81 1607.25 1606.76
1435.43 1442.50 1449.57 1456.64 1463.73 1470.86 1478.01 1485.20 1492.42 1499.67 1506.96 1514.27 1521.62 1528.99 1536.40 1543.83 1551.30 1558.79 1566.31 1573.85 1581.43 1589.03 1596.66 1604.31 1611.99 1619.70 1627.43 1635.18 1642.96 1650.76 1658.59 1666.34 1669.60 1667.47 1665.01 1662.61 1660.26 1657.97 1655.74 1653.56 1651.44 1649.38 1647.38 1645.44 1643.55 1641.73 1639.96 1638.25 1636.60 1635.01 1633.48 1632.01 1630.60 1629.25 1627.96 1626.73 1625.57 1624.46 1623.41 1622.43 1621.50 1620.64 1619.84 1619.09 1618.41 1617.80 1617.24 1616.75
1442.50 1449.57 1456.64 1463.71 1470.79 1477.88 1485.00 1492.15 1499.34 1506.56 1513.81 1521.09 1528.40 1535.75 1543.12 1550.52 1557.95 1565.41 1572.90 1580.42 1587.96 1595.53 1603.13 1610.75 1618.40 1626.07 1633.77 1641.50 1649.25 1657.02 1664.82 1672.64 1678.10 1677.16 1674.71 1672.32 1669.99 1667.71 1665.49 1663.33 1661.22 1659.18 1657.19 1655.25 1653.38 1651.56 1649.81 1648.11 1646.47 1644.89 1643.37 1641.91 1640.51 1639.17 1637.88 1636.66 1635.50 1634.40 1633.36 1632.38 1631.46 1630.60 1629.81 1629.07 1628.39 1627.78 1627.23 1626.73
1449.59 1456.64 1463.71 1470.78 1477.85 1484.93 1492.02 1499.14 1506.29 1513.48 1520.70 1527.95 1535.23 1542.54 1549.88 1557.25 1564.65 1572.07 1579.53 1587.02 1594.53 1602.07 1609.63 1617.23 1624.84 1632.49 1640.16 1647.85 1655.57 1663.31 1671.08 1678.87 1685.85 1686.85 1684.42 1682.04 1679.72 1677.46 1675.25 1673.10 1671.01 1668.97 1666.99 1665.07 1663.21 1661.41 1659.66 1657.97 1656.34 1654.77 1653.26 1651.81 1650.41 1649.08 1647.81 1646.59 1645.44 1644.34 1643.31 1642.34 1641.42 1640.57 1639.78 1639.04 1638.37 1637.76 1637.21 1636.72
1456.71 1463.73 1470.79 1477.85 1484.93 1492.00 1499.07 1506.16 1513.28 1520.43 1527.62 1534.83 1542.08 1549.36 1556.67 1564.01 1571.37 1578.77 1586.20 1593.65 1601.13 1608.64 1616.17 1623.74 1631.32 1638.94 1646.58 1654.24 1661.93 1669.65 1677.38 1685.15 1692.84 1696.15 1694.13 1691.76 1689.46 1687.21 1685.01 1682.87 1680.79 1678.77 1676.80 1674.89 1673.04 1671.25 1669.51 1667.83 1666.21 1664.65 1663.15 1661.71 1660.32 1659.00 1657.73 1656.52 1655.38 1654.29 1653.26 1652.29 1651.38 1650.54 1649.75 1649.02 1648.35 1647.75 1647.20 1646.71
1463.87 1470.86 1477.88 1484.93 1492.00 1499.07 1506.14 1513.21 1520.30 1527.42 1534.57 1541.76 1548.97 1556.22 1563.49 1570.80 1578.14 1585.50 1592.90 1600.32 1607.77 1615.25 1622.75 1630.28 1637.84 1645.42 1653.03 1660.67 1668.33 1676.01 1683.72 1691.45 1699.21 1704.68 1703.84 1701.49 1699.20 1696.96 1694.78 1692.65 1690.58 1688.57 1686.61 1684.72 1682.87 1681.09 1679.37 1677.70 1676.09 1674.53 1673.04 1671.61 1670.23 1668.91 1667.65 1666.45 1665.31 1664.23 1663.21 1662.25 1661.34 1660.50 1659.72 1659.00 1658.33 1657.73 1657.19 1656.70
1471.06 1478.01 1485.00 1492.02 1499.07 1506.14 1513.21 1520.28 1527.35 1534.44 1541.56 1548.71 1555.90 1563.11 1570.36 1577.63 1584.93 1592.27 1599.63 1607.02 1614.44 1621.89 1629.36 1636.86 1644.39 1651.94 1659.52 1667.13 1674.76 1682.41 1690.09 1697.80 1705.53 1712.47 1713.55 1711.22 1708.94 1706.71 1704.54 1702.43 1700.37 1698.37 1696.43 1694.54 1692.71 1690.94 1689.22 1687.56 1685.96 1684.42 1682.93 1681.51 1680.14 1678.83 1677.58 1676.39 1675.25 1674.18 1673.16 1672.20 1671.31 1670.47 1669.69 1668.97 1668.31 1667.71 1667.17 1666.69
1478.28 1485.20 1492.15 1499.14 1506.16 1513.21 1520.28 1527.35 1534.42 1541.50 1548.59 1555.70 1562.86 1570.04 1577.25 1584.49 1591.77 1599.07 1606.40 1613.76 1621.15 1628.56 1636.01 1643.48 1650.97 1658.50 1666.05 1673.62 1681.22 1688.85 1696.50 1704.18 1711.88 1719.52 1722.87 1720.95 1718.68 1716.47 1714.31 1712.21 1710.17 1708.18 1706.24 1704.37 1702.55 1700.78 1699.08 1697.43 1695.84 1694.30 1692.83 1691.41 1690.05 1688.75 1687.50 1686.32 1685.19 1684.12 1683.11 1682.16 1681.27 1680.44 1679.66 1678.95 1678.29 1677.70 1677.16 1676.68
1485.54 1492.42 1499.34 1506.29 1513.28 1520.30 1527.35 1534.42 1541.49 1548.57 1555.64 1562.73 1569.85 1577.00 1584.18 1591.39 1598.63 1605.90 1613.20 1620.53 1627.89 1635.27 1642.69 1650.13 1657.59 1665.09 1672.61 1680.15 1687.73 1695.32 1702.94 1710.59 1718.26 1725.95 1731.43 1730.68 1728.43 1726.23 1724.08 1721.99 1719.96 1717.98 1716.06 1714.20 1712.39 1710.63 1708.94 1707.30 1705.72 1704.19 1702.72 1701.31 1699.96 1698.67 1697.43 1696.25 1695.13 1694.07 1693.06 1692.12 1691.23 1690.40 1689.64 1688.92 1688.27 1687.68 1687.15 1686.67
1492.82 1499.67 1506.56 1513.48 1520.43 1527.42 1534.44 1541.50 1548.57 1555.64 1562.71 1569.78 1576.87 1583.99 1591.14 1598.32 1605.53 1612.77 1620.04 1627.33 1634.66 1642.02 1649.40 1656.81 1664.25 1671.71 1679.20 1686.72 1694.26 1701.83 1709.42 1717.04 1724.68 1732.34 1739.26 1740.42 1738.18 1735.99 1733.86 1731.78 1729.76 1727.79 1725.88 1724.03 1722.23 1720.48 1718.80 1717.17 1715.60 1714.08 1712.62 1711.22 1709.87 1708.59 1707.36 1706.18 1705.07 1704.02 1703.02 1702.08 1701.20 1700.37 1699.61 1698.90 1698.25 1697.67 1697.13 1696.66
1500.14 1506.96 1513.81 1520.70 1527.62 1534.57 1541.56 1548.59 1555.64 1562.71 1569.78 1576.85 1583.92 1591.01 1598.13 1605.28 1612.46 1619.67 1626.90 1634.17 1641.47 1648.79 1656.15 1663.53 1670.93 1678.37 1685.83 1693.32 1700.83 1708.37 1715.93 1723.52 1731.13 1738.77 1746.36 1749.75 1747.93 1745.76 1743.64 1741.57 1739.56 1737.60 1735.70 1733.86 1732.07 1730.34 1728.66 1727.04 1725.48 1723.97 1722.52 1721.12 1719.79 1718.51 1717.28 1716.12 1715.01 1713.96 1712.97 1712.04 1711.16 1710.34 1709.58 1708.88 1708.24 1707.65 1707.12 1706.65
1507.49 1514.27 1521.09 1527.95 1534.83 1541.76 1548.71 1555.70 1562.73 1569.78 1576.85 1583.92 1590.99 1598.06 1605.15 1612.27 1619.42 1626.60 1633.80 1641.04 1648.31 1655.60 1662.92 1670.27 1677.65 1685.06 1692.49 1699.95 1707.43 1714.94 1722.47 1730.03 1737.62 1745.23 1752.86 1758.34 1757.69 1755.52 1753.42 1751.36 1749.36 1747.42 1745.53 1743.69 1741.91 1740.19 1738.52 1736.91 1735.36 1733.86 1732.42 1731.03 1729.70 1728.43 1727.21 1726.06 1724.95 1723.91 1722.92 1721.99 1721.12 1720.31 1719.55 1718.86 1718.22 1717.63 1717.11 1716.64
1514.87 1521.62 1528.40 1535.23 1542.08 1548.97 1555.90 1562.86 1569.85 1576.87 1583.92 1590.99 1598.06 1605.13 1612.21 1619.30 1626.41 1633.56 1640.74 1647.94 1655.18 1662.44 1669.74 1677.06 1684.40 1691.78 1699.18 1706.61 1714.06 1721.54 1729.05 1736.58 1744.14 1751.72 1759.32 1766.21 1767.45 1765.30 1763.20 1761.16 1759.17 1757.23 1755.35 1753.53 1751.76 1750.05 1748.39 1746.79 1745.24 1743.75 1742.32 1740.94 1739.62 1738.35 1737.14 1735.99 1734.90 1733.86 1732.88 1731.95 1731.09 1730.28 1729.53 1728.83 1728.20 1727.62 1727.10 1726.63
1522.27 1528.99 1535.75 1542.54 1549.36 1556.22 1563.11 1570.04 1577.00 1583.99 1591.01 1598.06 1605.13 1612.21 1619.28 1626.35 1633.44 1640.55 1647.70 1654.88 1662.08 1669.32 1676.58 1683.87 1691.19 1698.53 1705.91 1713.31 1720.73 1728.18 1735.66 1743.16 1750.69 1758.24 1765.82 1773.36 1776.79 1775.07 1772.98 1770.95 1768.97 1767.05 1765.18 1763.37 1761.61 1759.91 1758.26 1756.66 1755.13 1753.64 1752.22 1750.85 1749.53 1748.28 1747.07 1745.93 1744.84 1743.81 1742.83 1741.91 1741.05 1740.25 1739.50 1738.81 1738.18 1737.60 1737.09 1736.63
1529.71 1536.40 1543.12 1549.88 1556.67 1563.49 1570.36 1577.25 1584.18 1591.14 1598.13 1605.15 1612.21 1619.28 1626.35 1633.42 1640.49 1647.58 1654.70 1661.84 1669.02 1676.22 1683.45 1690.71 1698.00 1705.32 1712.66 1720.03 1727.43 1734.85 1742.30 1749.78 1757.28 1764.80 1772.35 1779.92 1785.40 1784.84 1782.77 1780.75 1778.78 1776.87 1775.01 1773.21 1771.46 1769.76 1768.13 1766.54 1765.01 1763.54 1762.12 1760.76 1759.45 1758.20 1757.01 1755.87 1754.78 1753.76 1752.79 1751.88 1751.02 1750.22 1749.48 1748.79 1748.16 1747.59 1747.07 1746.62
1537.18 1543.83 1550.52 1557.25 1564.01 1570.80 1577.63 1584.49 1591.39 1598.32 1605.28 1612.27 1619.30 1626.35 1633.42 1640.49 1647.56 1654.63 1661.72 1668.84 1675.98 1683.16 1690.36 1697.59 1704.85 1712.14 1719.45 1726.79 1734.16 1741.56 1748.98 1756.42 1763.89 1771.39 1778.91 1786.45 1793.31 1794.62 1792.56 1790.55 1788.59 1786.69 1784.84 1783.05 1781.31 1779.63 1778.00 1776.42 1774.90 1773.43 1772.02 1770.67 1769.37 1768.13 1766.94 1765.80 1764.73 1763.71 1762.74 1761.84 1760.98 1760.19 1759.45 1758.77 1758.14 1757.57 1757.06 1756.61
1544.67 1551.30 1557.95 1564.65 1571.37 1578.14 1584.93 1591.77 1598.63 1605.53 1612.46 1619.42 1626.41 1633.44 1640.49 1647.56 1654.63 1661.70 1668.78 1675.86 1682.98 1690.12 1697.30 1704.50 1711.73 1718.99 1726.27 1733.58 1740.92 1748.29 1755.68 1763.10 1770.54 1778.01 1785.50 1793.02 1800.50 1803.98 1802.35 1800.35 1798.41 1796.52 1794.68 1792.89 1791.16 1789.49 1787.87 1786.30 1784.79 1783.33 1781.93 1780.58 1779.29 1778.05 1776.87 1775.74 1774.67 1773.66 1772.70 1771.80 1770.95 1770.16 1769.43 1768.75 1768.13 1767.56 1767.05 1766.60
1552.20 1558.79 1565.41 1572.07 1578.77 1585.50 1592.27 1599.07 1605.90 1612.77 1619.67 1626.60 1633.56 1640.55 1647.58 1654.63 1661.70 1668.77 1675.84 1682.92 1690.00 1697.12 1704.26 1711.44 1718.64 1725.87 1733.12 1740.41 1747.72 1755.05 1762.42 1769.81 1777.22 1784.66 1792.13 1799.62 1807.13 1812.62 1812.14 1810.16 1808.22 1806.34 1804.51 1802.74 1801.02 1799.35 1797.74 1796.18 1794.68 1793.23 1791.83 1790.49 1789.21 1787.98 1786.80 1785.68 1784.62 1783.61 1782.66 1781.76 1780.92 1780.13 1779.40 1778.73 1778.11 1777.55 1777.04 1776.59
1559.75 1566.31 1572.90 1579.53 1586.20 1592.90 1599.63 1606.40 1613.20 1620.04 1626.90 1633.80 1640.74 1647.70 1654.70 1661.72 1668.78 1675.84 1682.92 1689.99 1697.06 1704.15 1711.26 1718.41 1725.58 1732.78 1740.00 1747.26 1754.54 1761.85 1769.19 1776.55 1783.93 1791.34 1798.78 1806.24 1813.73 1820.55 1821.94 1819.96 1818.04 1816.17 1814.35 1812.59 1810.87 1809.22 1807.61 1806.06 1804.57 1803.13 1801.74 1800.41 1799.13 1797.91 1796.74 1795.62 1794.57 1793.56 1792.61 1791.72 1790.88 1790.10 1789.38 1788.71 1788.09 1787.53 1787.03 1786.58
1567.33 1573.85 1580.42 1587.02 1593.65 1600.32 1607.02 1613.76 1620.53 1627.33 1634.17 1641.04 1647.94 1654.88 1661.84 1668.84 1675.86 1682.92 1689.99 1697.06 1704.13 1711.20 1718.29 1725.40 1732.55 1739.72 1746.92 1754.14 1761.40 1768.68 1775.98 1783.32 1790.67 1798.06 1805.47 1812.90 1820.36 1827.79 1831.31 1829.77 1827.86 1826.00 1824.19 1822.43 1820.73 1819.08 1817.49 1815.95 1814.46 1813.03 1811.65 1810.32 1809.05 1807.83 1806.67 1805.57 1804.51 1803.51 1802.57 1801.68 1800.85 1800.07 1799.35 1798.68 1798.07 1797.52 1797.02 1796.57
