2_day/4_ps/nat_haz/data/distdeforest.asc
NCOLS 367
NROWS 415
XLLCORNER 712367.500000
YLLCORNER 9557227.500000
CELLSIZE 10.000000
NODATA_VALUE -99999.000000
[rows 90 to 119 of 415, columns 136 to 203 of 367]
101.20 103.16 106.03 109.73 114.20 119.34 125.07 131.31 137.99 145.06 152.45 160.13 168.05 176.19 184.50 192.98 201.60 210.34 219.18 228.10 237.04 245.99 254.93 263.88 272.82 281.76 290.71 299.65 308.59 317.54 326.48 335.43 344.37 353.31 362.27 371.27 380.32 389.41 398.55 407.73 416.94 426.19 435.48 444.79 454.14 463.51 471.87 474.95 475.04 475.25 475.67 476.31 477.14 478.19 479.44 480.90 482.56 484.42 486.48 488.74 491.19 493.83 496.66 499.67 502.86 506.23 509.77 513.48
111.09 112.88 115.51 118.92 123.05 127.83 133.20 139.07 145.40 152.12 159.19 166.56 174.19 182.05 190.11 198.35 206.74 215.27 223.92 232.68 241.54 250.46 259.40 268.35 277.29 286.24 295.18 304.12 313.07 322.01 330.95 339.90 348.84 357.79 366.73 375.67 384.63 393.63 402.67 411.75 420.88 430.05 439.25 448.49 457.76 467.06 476.38 483.41 485.04 485.25 485.66 486.28 487.10 488.13 489.35 490.78 492.41 494.23 496.25 498.46 500.87 503.45 506.23 509.18 512.32 515.62 519.10 522.75
121.00 122.64 125.07 128.23 132.07 136.53 141.57 147.11 153.11 159.50 166.26 173.33 180.67 188.26 196.07 204.06 212.23 220.55 229.00 237.57 246.26 255.03 263.90 272.82 281.76 290.71 299.65 308.59 317.54 326.48 335.43 344.37 353.31 362.26 371.20 380.15 389.09 398.03 406.99 415.98 425.02 434.10 443.22 452.37 461.56 470.79 480.04 489.09 494.46 495.24 495.65 496.25 497.06 498.06 499.27 500.67 502.26 504.05 506.03 508.20 510.56 513.10 515.82 518.72 521.79 525.04 528.46 532.04
130.93 132.45 134.69 137.63 141.21 145.40 150.14 155.38 161.06 167.16 173.61 180.39 187.46 194.79 202.34 210.10 218.04 226.15 234.40 242.78 251.28 259.89 268.59 277.38 286.25 295.18 304.12 313.07 322.01 330.95 339.90 348.84 357.79 366.73 375.67 384.62 393.56 402.51 411.45 420.39 429.35 438.34 447.37 456.44 465.56 474.70 483.88 493.09 501.53 505.10 505.63 506.23 507.02 508.00 509.18 510.56 512.12 513.87 515.82 517.94 520.26 522.75 525.42 528.27 531.29 534.48 537.84 541.36
140.86 142.27 144.37 147.11 150.47 154.41 158.88 163.83 169.24 175.05 181.22 187.73 194.53 201.60 208.91 216.43 224.15 232.04 240.09 248.28 256.60 265.03 273.57 282.21 290.93 299.74 308.61 317.54 326.48 335.43 344.37 353.31 362.26 371.20 380.15 389.09 398.03 406.98 415.92 424.87 433.81 442.75 451.71 460.70 469.73 478.79 487.90 497.03 506.20 513.48 515.62 516.20 516.98 517.94 519.10 520.45 521.98 523.70 525.61 527.70 529.97 532.42 535.04 537.84 540.80 543.94 547.24 550.70
150.80 152.12 154.08 156.66 159.82 163.53 167.75 172.46 177.60 183.14 189.05 195.30 201.85 208.67 215.74 223.03 230.52 238.21 246.05 254.05 262.19 270.45 278.82 287.30 295.87 304.54 313.28 322.09 330.97 339.90 348.84 357.79 366.73 375.67 384.62 393.56 402.51 411.45 420.39 429.34 438.28 447.23 456.17 465.11 474.07 483.05 492.08 501.14 510.24 519.19 524.95 526.18 526.94 527.89 529.02 530.35 531.85 533.54 535.41 537.46 539.69 542.09 544.67 547.42 550.33 553.41 556.66 560.06
160.75 161.99 163.83 166.26 169.24 172.75 176.75 181.22 186.12 191.42 197.08 203.08 209.38 215.97 222.80 229.87 237.15 244.63 252.27 260.08 268.03 276.12 284.33 292.65 301.07 309.58 318.18 326.87 335.62 344.44 353.33 362.26 371.20 380.15 389.09 398.03 406.98 415.92 424.87 433.81 442.75 451.70 460.64 469.59 478.53 487.47 496.43 505.41 514.43 523.49 531.97 535.98 536.90 537.84 538.95 540.25 541.73 543.38 545.22 547.24 549.42 551.78 554.32 557.02 559.88 562.91 566.10 569.44
170.71 171.88 173.61 175.90 178.72 182.05 185.85 190.11 194.79 199.85 205.28 211.05 217.12 223.48 230.09 236.94 244.01 251.28 258.73 266.35 274.12 282.03 290.07 298.23 306.50 314.87 323.33 331.88 340.50 349.20 357.97 366.80 375.69 384.62 393.56 402.51 411.45 420.39 429.34 438.28 447.23 456.17 465.11 474.06 483.00 491.95 500.89 509.83 518.79 527.77 536.79 544.25 546.87 547.78 548.88 550.15 551.60 553.23 555.04 557.02 559.17 561.49 563.97 566.63 569.44 572.42 575.56 578.85
180.67 181.77 183.42 185.58 188.26 191.42 195.04 199.10 203.57 208.43 213.64 219.18 225.04 231.17 237.57 244.22 251.08 258.15 265.41 272.84 280.43 288.17 296.04 304.04 312.16 320.38 328.70 337.11 345.60 354.18 362.82 371.54 380.32 389.16 398.05 406.98 415.92 424.87 433.81 442.75 451.70 460.64 469.59 478.53 487.47 496.42 505.36 514.31 523.25 532.19 541.15 550.02 556.06 557.73 558.81 560.06 561.49 563.09 564.86 566.80 568.92 571.20 573.64 576.25 579.02 581.95 585.04 588.27
190.63 191.68 193.24 195.30 197.84 200.85 204.31 208.19 212.47 217.12 222.13 227.47 233.11 239.04 245.24 251.68 258.34 265.22 272.29 279.54 286.95 294.52 302.23 310.07 318.03 326.10 334.28 342.55 350.92 359.36 367.89 376.49 385.15 393.88 402.67 411.51 420.41 429.34 438.28 447.23 456.17 465.11 474.06 483.00 491.95 500.89 509.83 518.78 527.72 536.67 545.61 554.55 563.03 567.46 568.74 569.97 571.37 572.95 574.69 576.60 578.68 580.92 583.32 585.89 588.61 591.50 594.53 597.72
200.60 201.60 203.08 205.04 207.46 210.34 213.64 217.35 221.45 225.92 230.74 235.88 241.33 247.07 253.06 259.31 265.79 272.47 279.36 286.43 293.67 301.07 308.61 316.29 324.10 332.03 340.06 348.20 356.43 364.75 373.15 381.63 390.18 398.80 407.48 416.22 425.02 433.87 442.77 451.70 460.64 469.59 478.53 487.47 496.42 505.36 514.31 523.25 532.19 541.14 550.08 559.03 567.97 575.60 578.68 579.89 581.26 582.81 584.52 586.40 588.44 590.65 593.01 595.54 598.22 601.05 604.04 607.18
210.57 211.52 212.94 214.81 217.12 219.87 223.03 226.59 230.52 234.82 239.46 244.42 249.68 255.23 261.04 267.10 273.39 279.90 286.60 293.50 300.57 307.80 315.19 322.71 330.37 338.14 346.04 354.04 362.13 370.33 378.60 386.96 395.40 403.91 412.48 421.12 429.82 438.57 447.37 456.23 465.13 474.06 483.00 491.95 500.89 509.83 518.78 527.72 536.67 545.61 554.55 563.50 572.44 581.33 587.71 589.80 591.16 592.68 594.36 596.21 598.22 600.39 602.72 605.20 607.84 610.63 613.57 616.66
220.55 221.45 222.80 224.59 226.81 229.44 232.47 235.88 239.67 243.81 248.28 253.06 258.15 263.52 269.15 275.03 281.14 287.47 294.01 300.74 307.64 314.71 321.93 329.30 336.81 344.44 352.20 360.06 368.02 376.09 384.24 392.48 400.80 409.20 417.66 426.19 434.79 443.44 452.15 460.91 469.73 478.58 487.49 496.42 505.36 514.31 523.25 532.19 541.14 550.08 559.03 567.97 576.91 585.86 594.46 599.44 601.05 602.55 604.21 606.03 608.00 610.14 612.43 614.87 617.47 620.22 623.11 626.15
230.52 231.39 232.68 234.40 236.52 239.04 241.95 245.24 248.88 252.87 257.18 261.80 266.72 271.92 277.38 283.09 289.04 295.20 301.57 308.13 314.87 321.78 328.85 336.07 343.43 350.92 358.53 366.25 374.09 382.02 390.05 398.17 406.38 414.66 423.01 431.44 439.93 448.49 457.10 465.77 474.49 483.26 492.08 500.94 509.84 518.78 527.72 536.67 545.61 554.55 563.50 572.44 581.39 590.33 599.28 607.23 610.92 612.43 614.06 615.85 617.79 619.89 622.15 624.55 627.11 629.81 632.67 635.66
240.50 241.33 242.57 244.22 246.26 248.68 251.48 254.64 258.15 262.00 266.16 270.63 275.39 280.43 285.73 291.28 297.05 303.05 309.26 315.66 322.24 329.00 335.92 342.99 350.20 357.55 365.02 372.61 380.32 388.13 396.03 404.03 412.12 420.29 428.53 436.85 445.24 453.70 462.21 470.79 479.42 488.10 496.83 505.61 514.43 523.30 532.20 541.14 550.08 559.03 567.97 576.91 585.86 594.80 603.75 612.69 619.64 622.31 623.91 625.67 627.59 629.66 631.88 634.24 636.76 639.43 642.24 645.19
250.48 251.28 252.47 254.05 256.01 258.34 261.04 264.09 267.47 271.19 275.21 279.54 284.15 289.04 294.18 299.57 305.19 311.03 317.08 323.33 329.76 336.37 343.14 350.06 357.13 364.34 371.67 379.13 386.71 394.39 402.17 410.05 418.02 426.08 434.21 442.43 450.71 459.07 467.48 475.96 484.50 493.09 501.74 510.43 519.17 527.96 536.79 545.66 554.56 563.50 572.44 581.39 590.33 599.28 608.22 617.16 625.90 631.70 633.77 635.51 637.39 639.43 641.61 643.95 646.43 649.05 651.82 654.73
260.46 261.23 262.38 263.90 265.79 268.03 270.63 273.57 276.84 280.43 284.33 288.52 292.99 297.73 302.72 307.96 313.44 319.13 325.03 331.12 337.40 343.86 350.49 357.27 364.20 371.27 378.47 385.80 393.25 400.80 408.46 416.22 424.08 432.02 440.05 448.15 456.34 464.59 472.91 481.29 489.74 498.24 506.80 515.40 524.06 532.77 541.52 550.31 559.14 568.02 576.92 585.86 594.80 603.75 612.69 621.64 630.58 638.95 643.47 645.34 647.20 649.20 651.36 653.66 656.10 658.69 661.41 664.28
270.45 271.19 272.29 273.75 275.58 277.74 280.25 283.09 286.25 289.73 293.50 297.56 301.90 306.50 311.35 316.45 321.78 327.33 333.08 339.03 345.17 351.48 357.97 364.61 371.40 378.34 385.41 392.61 399.93 407.36 414.90 422.54 430.28 438.11 446.03 454.03 462.11 470.26 478.48 486.77 495.12 503.53 512.00 520.52 529.10 537.72 546.39 555.11 563.86 572.66 581.50 590.37 599.28 608.22 617.16 626.11 635.05 644.00 651.67 655.18 657.01 658.99 661.11 663.38 665.78 668.33 671.02 673.84
280.43 281.14 282.21 283.62 285.38 287.47 289.90 292.65 295.71 299.07 302.72 306.66 310.87 315.34 320.07 325.03 330.21 335.62 341.24 347.05 353.05 359.22 365.57 372.08 378.74 385.54 392.48 399.55 406.75 414.06 421.48 429.00 436.63 444.34 452.15 460.05 468.02 476.07 484.19 492.38 500.64 508.96 517.34 525.78 534.27 542.81 551.40 560.04 568.72 577.44 586.21 595.01 603.86 612.73 621.64 630.58 639.52 648.47 657.37 664.07 666.83 668.78 670.87 673.10 675.48 677.99 680.64 683.42
290.42 291.10 292.13 293.50 295.20 297.22 299.57 302.23 305.19 308.45 312.00 315.82 319.91 324.26 328.85 333.68 338.74 344.01 349.49 355.16 361.03 367.07 373.28 379.66 386.19 392.86 399.68 406.62 413.69 420.88 428.18 435.59 443.10 450.71 458.41 466.20 474.07 482.02 490.04 498.14 506.30 514.53 522.82 531.17 539.58 548.03 556.54 565.10 573.71 582.36 591.05 599.78 608.56 617.37 626.21 635.09 644.00 652.94 661.88 670.58 676.26 678.58 680.64 682.84 685.18 687.65 690.27 693.01
300.40 301.07 302.06 303.38 305.03 306.99 309.26 311.84 314.71 317.87 321.31 325.03 329.00 333.23 337.70 342.41 347.34 352.48 357.83 363.38 369.11 375.02 381.11 387.35 393.75 400.30 406.99 413.81 420.76 427.83 435.02 442.31 449.71 457.21 464.80 472.48 480.25 488.10 496.03 504.03 512.10 520.23 528.43 536.70 545.02 553.39 561.82 570.30 578.83 587.40 596.02 604.68 613.39 622.13 630.91 639.72 648.57 657.45 666.36 675.30 683.61 688.23 690.41 692.58 694.89 697.33 699.90 702.61
310.39 311.03 312.00 313.28 314.87 316.77 318.97 321.47 324.26 327.33 330.67 334.28 338.14 342.26 346.61 351.20 356.01 361.03 366.25 371.67 377.28 383.07 389.03 395.15 401.42 407.85 414.42 421.12 427.95 434.90 441.97 449.16 456.44 463.83 471.32 478.90 486.56 494.31 502.14 510.04 518.02 526.06 534.17 542.35 550.58 558.88 567.22 575.62 584.07 592.57 601.12 609.71 618.34 627.01 635.72 644.47 653.25 662.07 670.93 679.81 688.72 696.43 700.19 702.33 704.60 707.01 709.55 712.23
318.61 321.00 321.93 323.17 324.72 326.56 328.70 331.12 333.83 336.81 340.06 343.57 347.34 351.34 355.59 360.06 364.75 369.65 374.76 380.05 385.54 391.21 397.04 403.04 409.20 415.50 421.95 428.53 435.25 442.09 449.05 456.12 463.29 470.58 477.96 485.43 492.99 500.64 508.37 516.18 524.06 532.02 540.04 548.13 556.27 564.48 572.75 581.07 589.44 597.86 606.33 614.85 623.41 632.01 640.66 649.34 658.06 666.81 675.60 684.43 693.28 702.14 708.99 712.09 714.33 716.71 719.21 721.85
320.92 328.67 331.79 333.08 334.58 336.37 338.44 340.80 343.43 346.33 349.49 352.90 356.57 360.47 364.61 368.97 373.55 378.34 383.33 388.51 393.88 399.43 405.14 411.03 417.06 423.25 429.58 436.05 442.65 449.38 456.23 463.19 470.26 477.43 484.71 492.08 499.54 507.09 514.72 522.44 530.23 538.09 546.02 554.02 562.09 570.21 578.40 586.64 594.93 603.28 611.67 620.11 628.60 637.14 645.71 654.33 662.98 671.67 680.40 689.16 697.96 706.78 715.43 721.40 724.06 726.41 728.88 731.48
320.38 330.37 338.69 342.75 344.44 346.18 348.20 350.49 353.05 355.87 358.95 362.27 365.84 369.65 373.69 377.94 382.42 387.09 391.97 397.04 402.30 407.73 413.33 419.10 425.02 431.09 437.31 443.67 450.16 456.77 463.51 470.36 477.33 484.40 491.57 498.84 506.20 513.66 521.19 528.81 536.51 544.28 552.12 560.04 568.02 576.06 584.16 592.32 600.53 608.80 617.12 625.49 633.91 642.37 650.88 659.43 668.01 676.64 685.30 694.00 702.74 711.51 720.31 728.65 733.62 736.12 738.56 741.13
320.07 330.06 340.06 348.92 353.93 356.01 357.97 360.20 362.69 365.43 368.43 371.67 375.16 378.87 382.81 386.96 391.33 395.91 400.68 405.64 410.78 416.10 421.59 427.25 433.06 439.02 445.13 451.38 457.76 464.26 470.89 477.64 484.50 491.47 498.54 505.71 512.97 520.33 527.77 535.30 542.90 550.58 558.34 566.16 574.06 582.02 590.04 598.12 606.25 614.44 622.69 630.98 639.33 647.72 656.16 664.64 673.16 681.72 690.32 698.96 707.63 716.34 725.08 733.85 741.66 745.82 748.24 750.78
320.00 330.00 340.00 350.00 359.36 365.22 367.75 369.92 372.35 375.02 377.94 381.11 384.50 388.13 391.97 396.03 400.30 404.77 409.44 414.30 419.33 424.55 429.93 435.48 441.18 447.04 453.04 459.17 465.45 471.85 478.37 485.02 491.77 498.64 505.61 512.68 519.85 527.11 534.45 541.89 549.40 556.99 564.66 572.40 580.21 588.08 596.02 604.02 612.08 620.19 628.36 636.59 644.86 653.18 661.54 669.96 678.41 686.91 695.44 704.02 712.63 721.28 729.96 738.68 747.42 754.49 757.94 760.44
320.00 330.00 340.00 350.00 360.00 369.63 376.38 379.66 382.02 384.63 387.48 390.57 393.88 397.42 401.18 405.14 409.32 413.69 418.26 423.01 427.95 433.06 438.34 443.78 449.38 455.13 461.02 467.06 473.22 479.52 485.94 492.49 499.14 505.91 512.78 519.75 526.82 533.99 541.24 548.58 556.01 563.51 571.09 578.74 586.47 594.26 602.11 610.03 618.01 626.05 634.15 642.29 650.49 658.74 667.04 675.38 683.77 692.20 700.67 709.18 717.73 726.32 734.94 743.60 752.29 760.86 767.10 770.11
320.01 330.01 340.01 350.01 360.01 370.01 379.84 387.62 391.68 394.26 397.04 400.05 403.29 406.75 410.42 414.30 418.38 422.66 427.13 431.79 436.63 441.64 446.81 452.15 457.65 463.29 469.09 475.02 481.08 487.28 493.60 500.04 506.60 513.27 520.04 526.92 533.89 540.96 548.13 555.38 562.71 570.12 577.62 585.19 592.83 600.53 608.31 616.15 624.05 632.01 640.03 648.11 656.23 664.41 672.64 680.91 689.23 697.60 706.00 714.45 722.94 731.47 740.03 748.63 757.26 765.93 774.26 779.57
320.18 330.18 340.17 350.17 360.16 370.16 380.15 390.15 398.67 403.67 406.62 409.56 412.72 416.10 419.69 423.49 427.48 431.67 436.05 440.62 445.36 450.27 455.35 460.59 465.98 471.53 477.22 483.05 489.02 495.12 501.34 507.68 514.14 520.71 527.39 534.17 541.06 548.03 555.11 562.26 569.51 576.84 584.24 591.73 599.28 606.91 614.61 622.37 630.19 638.08 646.02 654.02 662.07 670.18 678.34 686.54 694.80 703.09 711.44 719.82 728.25 736.71 745.21 753.75 762.33 770.94 779.58 787.44
