2_day/4_ps/nat_haz/data/distdeforest.asc
NCOLS 367
NROWS 415
XLLCORNER 712367.500000
YLLCORNER 9557227.500000
CELLSIZE 10.000000
NODATA_VALUE -99999.000000
[rows 90 to 119 of 415, columns 204 to 271 of 367]
517.37 521.41 525.61 529.97 534.48 539.14 543.94 548.88 552.21 550.33 547.42 544.67 542.09 539.69 537.46 535.41 533.54 531.85 530.35 529.02 527.89 526.94 525.56 520.71 514.14 507.68 501.34 495.12 489.02 483.05 477.22 471.53 465.98 460.59 455.35 450.27 445.36 440.62 436.05 431.67 427.48 423.49 419.69 415.81 411.45 406.99 402.67 398.55 394.64 390.70 385.90 380.81 375.75 370.50 365.33 360.37 355.62 351.08 346.61 342.13 337.74 333.57 329.65 325.99 322.59 319.48 316.65 314.11
526.56 530.53 534.66 538.95 543.38 547.97 552.69 557.55 561.30 559.88 557.02 554.32 551.78 549.42 547.24 545.22 543.38 541.73 540.25 538.95 537.84 536.90 534.28 528.24 521.77 515.40 509.16 503.03 497.03 491.16 485.43 479.84 474.39 469.09 463.94 458.96 454.14 449.49 445.02 440.73 436.63 432.71 428.96 424.85 420.39 415.98 411.75 407.73 403.88 399.55 394.48 389.46 384.27 379.03 373.99 369.14 364.51 360.02 355.55 351.09 346.79 342.73 338.92 335.36 332.06 329.04 326.29 323.83
535.79 539.69 543.75 547.97 552.33 556.84 561.49 566.27 570.26 569.44 566.63 563.97 561.49 559.17 557.02 555.04 553.23 551.60 550.15 548.88 547.78 546.55 542.30 535.86 529.47 523.20 517.05 511.02 505.12 499.34 493.70 488.20 482.85 477.64 472.59 467.70 462.97 458.41 454.03 449.82 445.80 441.97 438.13 433.81 429.35 425.02 420.88 416.94 412.97 408.19 403.13 398.03 392.77 387.64 382.71 377.98 373.44 368.97 364.49 360.09 355.90 351.95 348.23 344.77 341.57 338.62 335.96 333.57
545.04 548.88 552.87 557.02 561.31 565.74 570.32 575.04 579.25 579.02 576.25 573.64 571.20 568.92 566.80 564.86 563.09 561.49 560.06 558.81 557.73 555.53 549.95 543.55 537.25 531.08 525.02 519.08 513.27 507.58 502.04 496.63 491.37 486.25 481.29 476.49 471.85 467.38 463.08 458.96 455.02 451.25 447.20 442.75 438.34 434.10 430.05 426.17 421.83 416.79 411.75 406.53 401.33 396.32 391.49 386.87 382.38 377.91 373.45 369.14 365.06 361.20 357.58 354.21 351.09 348.23 345.64 343.32
554.32 558.09 562.02 566.10 570.32 574.69 579.19 583.84 588.27 588.61 585.89 583.32 580.92 578.68 576.60 574.69 572.95 571.37 569.97 568.74 567.56 563.89 557.62 551.31 545.11 539.02 533.05 527.20 521.48 515.89 510.43 505.12 499.94 494.92 490.04 485.33 480.77 476.38 472.17 468.13 464.26 460.44 456.17 451.71 447.37 443.22 439.25 435.26 430.48 425.44 420.30 415.05 409.96 405.05 400.33 395.80 391.33 386.85 382.45 378.24 374.25 370.50 366.97 363.68 360.65 357.86 355.34 353.08
563.62 567.33 571.20 575.21 579.37 583.67 588.10 592.68 597.30 598.19 595.54 593.01 590.65 588.44 586.40 584.52 582.81 581.26 579.89 578.68 576.81 571.70 565.37 559.14 553.03 547.03 541.15 535.39 529.76 524.25 518.89 513.66 508.57 503.63 498.84 494.21 489.74 485.43 481.29 477.33 473.53 469.54 465.11 460.70 456.44 452.37 448.47 444.12 439.11 434.04 428.80 423.64 418.65 413.84 409.23 404.74 400.27 395.81 391.49 387.38 383.49 379.82 376.39 373.18 370.23 367.51 365.06 362.86
572.95 576.60 580.40 584.35 588.44 592.68 597.05 601.55 606.19 607.62 605.20 602.72 600.39 598.22 596.21 594.36 592.68 591.16 589.80 588.59 585.45 579.43 573.19 567.05 561.02 555.11 549.31 543.64 538.09 532.67 527.39 522.25 517.24 512.39 507.68 503.13 498.74 494.51 490.45 486.56 482.75 478.53 474.07 469.73 465.56 461.56 457.54 452.79 447.75 442.56 437.34 432.28 427.40 422.69 418.16 413.69 409.21 404.80 400.58 396.57 392.77 389.19 385.83 382.71 379.82 377.18 374.79 372.65
582.29 585.89 589.63 593.52 597.55 601.72 606.03 610.46 615.03 616.98 614.87 612.43 610.14 608.00 606.03 604.21 602.55 601.05 599.72 598.10 593.50 587.23 581.07 575.01 569.07 563.24 557.53 551.94 546.48 541.15 535.95 530.89 525.97 521.19 516.57 512.10 507.78 503.63 499.64 495.82 491.87 487.47 483.05 478.79 474.70 470.77 466.41 461.42 456.32 451.07 445.94 440.98 436.20 431.59 427.10 422.63 418.17 413.84 409.72 405.79 402.08 398.58 395.31 392.26 389.44 386.87 384.53 382.45
591.66 595.20 598.89 602.72 606.68 610.79 615.03 619.41 623.91 626.37 624.55 622.15 619.89 617.79 615.85 614.06 612.43 610.96 609.64 606.98 601.28 595.10 589.02 583.05 577.18 571.44 565.81 560.30 554.92 549.67 544.56 539.58 534.74 530.04 525.49 521.10 516.86 512.78 508.86 505.06 500.89 496.43 492.08 487.90 483.88 479.84 475.10 470.04 464.83 459.64 454.61 449.74 445.05 440.52 436.05 431.57 427.16 422.93 418.89 415.05 411.42 408.00 404.80 401.83 399.08 396.57 394.29 392.26
601.05 604.54 608.17 611.94 615.85 619.89 624.07 628.38 632.82 635.77 634.24 631.88 629.66 627.59 625.67 623.91 622.31 620.86 619.34 615.27 609.13 603.03 597.03 591.14 585.36 579.69 574.14 568.72 563.42 558.25 553.21 548.31 543.55 538.93 534.45 530.13 525.97 521.96 518.11 514.20 509.83 505.41 501.14 497.03 493.07 488.71 483.74 478.59 473.36 468.26 463.32 458.55 453.95 449.46 444.99 440.53 436.20 432.05 428.10 424.34 420.79 417.45 414.33 411.42 408.74 406.28 404.06 402.08
610.46 613.89 617.47 621.18 625.03 629.02 633.14 637.39 641.77 645.11 643.95 641.61 639.43 637.39 635.51 633.77 632.19 630.77 628.48 623.17 617.04 611.02 605.10 599.28 593.58 588.00 582.53 577.18 571.96 566.87 561.91 557.08 552.40 547.85 543.45 539.20 535.11 531.17 527.35 523.24 518.79 514.43 510.24 506.20 502.14 497.41 492.33 487.10 481.94 476.93 472.09 467.40 462.88 458.41 453.93 449.52 445.27 441.21 437.34 433.67 430.19 426.93 423.87 421.03 418.41 416.01 413.84 411.91
619.89 623.27 626.79 630.45 634.24 638.17 642.24 646.43 650.74 654.32 653.66 651.36 649.20 647.20 645.34 643.64 642.08 640.59 637.03 631.06 625.01 619.07 613.22 607.49 601.87 596.36 590.97 585.70 580.55 575.54 570.65 565.90 561.29 556.81 552.49 548.31 544.28 540.41 536.52 532.19 527.77 523.49 519.37 515.39 511.02 506.04 500.86 495.65 490.58 485.66 480.90 476.31 471.82 467.35 462.89 458.55 454.39 450.41 446.62 443.02 439.62 436.42 433.44 430.66 428.10 425.75 423.64 421.74
629.34 632.67 636.13 639.74 643.48 647.35 651.36 655.49 659.75 663.53 663.38 661.11 658.99 657.01 655.18 653.50 651.97 649.95 645.09 639.02 633.04 627.17 621.40 615.74 610.20 604.77 599.45 594.26 589.19 584.24 579.43 574.75 570.21 565.81 561.55 557.44 553.48 549.66 545.58 541.15 536.79 532.58 528.53 524.45 519.72 514.61 509.38 504.25 499.27 494.44 489.76 485.24 480.77 476.29 471.88 467.62 463.54 459.64 455.92 452.40 449.07 445.94 443.02 440.30 437.80 435.51 433.44 431.59
638.80 642.08 645.50 649.05 652.74 656.56 660.50 664.58 668.78 672.76 673.10 670.87 668.78 666.83 665.03 663.38 661.87 658.77 653.03 647.03 641.13 635.33 629.64 624.05 618.58 613.22 607.98 602.86 597.86 592.99 588.25 583.65 579.17 574.84 570.65 566.61 562.71 558.84 554.55 550.13 545.84 541.70 537.70 533.33 528.34 523.13 517.94 512.90 508.00 503.26 498.66 494.18 489.71 485.25 480.90 476.72 472.72 468.90 465.26 461.81 458.55 455.49 452.62 449.96 447.51 445.27 443.25 441.44
648.28 651.51 654.88 658.38 662.02 665.78 669.68 673.70 677.84 682.00 682.83 680.64 678.58 676.66 674.88 673.25 671.43 667.04 661.02 655.09 649.26 643.54 637.92 632.41 627.01 621.72 616.56 611.51 606.58 601.78 597.11 592.57 588.17 583.90 579.78 575.80 571.96 567.92 563.51 559.14 554.92 550.86 546.76 542.03 536.89 531.66 526.56 521.60 516.78 512.12 507.60 503.13 498.65 494.23 489.97 485.87 481.94 478.19 474.62 471.24 468.05 465.04 462.24 459.64 457.24 455.05 453.06 451.29
657.77 660.96 664.28 667.73 671.32 675.03 678.87 682.84 686.93 691.13 692.44 690.41 688.38 686.49 684.74 683.13 680.44 675.01 669.06 663.21 657.45 651.80 646.25 640.81 635.49 630.27 625.17 620.19 615.34 610.61 606.00 601.53 597.19 592.99 588.93 585.01 581.16 576.91 572.49 568.19 564.04 560.02 555.64 550.63 545.41 540.25 535.23 530.35 525.61 521.02 516.54 512.07 507.61 503.26 499.07 495.04 491.19 487.51 484.01 480.69 477.56 474.62 471.88 469.33 466.98 464.83 462.89 461.16
667.28 670.42 673.70 677.10 680.64 684.30 688.09 692.00 696.04 700.19 701.95 700.19 698.19 696.32 694.60 692.85 688.93 683.04 677.16 671.37 665.69 660.11 654.63 649.26 644.00 638.86 633.83 628.92 624.13 619.47 614.93 610.53 606.25 602.11 598.12 594.26 590.27 585.87 581.50 577.27 573.19 569.08 564.34 559.16 553.96 548.88 543.94 539.14 534.48 529.96 525.49 521.01 516.59 512.32 508.20 504.25 500.47 496.86 493.42 490.17 487.10 484.22 481.53 479.03 476.72 474.62 472.72 471.03
676.81 679.90 683.13 686.49 689.98 693.59 697.33 701.19 705.17 709.27 711.48 709.98 708.00 706.16 704.46 702.09 697.02 691.12 685.30 679.59 673.97 668.46 663.05 657.76 652.57 647.49 642.53 637.68 632.96 628.36 623.89 619.55 615.34 611.26 607.32 603.47 599.27 594.85 590.54 586.38 582.34 577.96 572.91 567.69 562.55 557.55 552.69 547.97 543.38 538.90 534.43 529.97 525.61 521.41 517.37 513.48 509.77 506.23 502.86 499.67 496.66 493.83 491.19 488.74 486.48 484.42 482.56 480.90
686.34 689.40 692.58 695.89 699.33 702.90 706.59 710.40 714.33 718.38 721.02 719.77 717.82 716.01 714.28 710.80 705.08 699.24 693.50 687.85 682.31 676.86 671.52 666.29 661.17 656.16 651.26 646.48 641.83 637.29 632.88 628.60 624.45 620.44 616.56 612.60 608.23 603.86 599.62 595.52 591.39 586.63 581.43 576.25 571.20 566.27 561.49 556.84 552.32 547.85 543.37 538.95 534.66 530.53 526.56 522.75 519.10 515.62 512.32 509.18 506.23 503.45 500.87 498.46 496.25 494.23 492.41 490.78
695.89 698.90 702.04 705.31 708.71 712.23 715.87 719.63 723.51 727.51 730.53 729.57 727.64 725.86 723.72 719.06 713.19 707.42 701.74 696.16 690.68 685.30 680.03 674.86 669.81 664.86 660.03 655.32 650.72 646.25 641.90 637.68 633.59 629.64 625.78 621.63 617.20 612.90 608.72 604.67 600.27 595.19 589.97 584.86 579.89 575.04 570.32 565.74 561.26 556.79 552.33 547.97 543.75 539.69 535.79 532.04 528.46 525.04 521.79 518.72 515.82 513.10 510.56 508.20 506.03 504.05 502.26 500.67
705.45 708.43 711.52 714.75 718.10 721.57 725.17 728.88 732.71 736.66 739.91 739.37 737.47 735.71 732.66 727.15 721.35 715.64 710.03 704.52 699.10 693.79 688.58 683.48 678.48 673.60 668.84 664.18 659.65 655.24 650.95 646.79 642.76 638.86 634.93 630.59 626.21 621.97 617.85 613.72 608.92 603.71 598.55 593.52 588.61 583.84 579.19 574.68 570.21 565.73 561.31 557.02 552.87 548.88 545.04 541.36 537.84 534.48 531.29 528.27 525.42 522.75 520.26 517.94 515.82 513.87 512.12 510.56
715.03 717.96 721.02 724.20 727.51 730.94 734.48 738.15 741.93 745.83 749.27 749.18 747.31 745.31 741.08 735.28 729.55 723.91 718.36 712.91 707.56 702.31 697.17 692.13 687.20 682.38 677.67 673.08 668.61 664.26 660.03 655.93 651.95 648.09 643.97 639.56 635.25 631.06 626.99 622.58 617.46 612.26 607.18 602.22 597.38 592.68 588.10 583.62 579.15 574.69 570.32 566.10 562.02 558.09 554.32 550.70 547.24 543.94 540.80 537.84 535.04 532.42 529.97 527.70 525.61 523.70 521.98 520.45
724.61 727.51 730.52 733.67 736.93 740.32 743.82 747.44 751.18 755.03 758.64 758.99 757.14 754.43 749.23 743.47 737.80 732.22 726.73 721.35 716.06 710.87 705.79 700.82 695.95 691.19 686.54 682.01 677.60 673.31 669.14 665.09 661.17 657.25 652.95 648.57 644.31 640.19 636.04 631.21 625.99 620.86 615.85 610.96 606.19 601.55 597.04 592.57 588.09 583.67 579.37 575.21 571.20 567.33 563.62 560.06 556.66 553.41 550.33 547.42 544.67 542.09 539.69 537.46 535.41 533.54 531.85 530.35
734.21 737.07 740.05 743.15 746.37 749.71 753.17 756.75 760.44 764.24 768.03 768.81 766.88 763.08 757.39 751.69 746.08 740.57 735.15 729.82 724.60 719.47 714.45 709.54 704.73 700.03 695.44 690.97 686.62 682.38 678.26 674.27 670.40 666.32 661.92 657.60 653.41 649.32 644.87 639.74 634.56 629.50 624.55 619.73 615.03 610.46 605.98 601.51 597.05 592.68 588.44 584.35 580.40 576.60 572.95 569.44 566.10 562.91 559.88 557.02 554.32 551.78 549.42 547.24 545.22 543.38 541.73 540.25
743.82 746.64 749.58 752.64 755.82 759.12 762.54 766.07 769.72 773.48 777.34 778.54 776.18 771.32 765.60 759.96 754.41 748.96 743.60 738.34 733.17 728.11 723.15 718.29 713.54 708.90 704.37 699.96 695.66 691.48 687.42 683.48 679.57 675.31 670.93 666.66 662.53 658.35 653.49 648.28 643.17 638.17 633.30 628.54 623.91 619.40 614.93 610.46 606.03 601.72 597.55 593.52 589.63 585.89 582.29 578.85 575.56 572.42 569.44 566.63 563.97 561.49 559.17 557.02 555.04 553.23 551.60 550.15
753.44 756.22 759.12 762.15 765.29 768.55 771.92 775.41 779.02 782.73 786.55 788.14 785.03 779.51 773.85 768.27 762.79 757.39 752.09 746.89 741.78 736.78 731.88 727.08 722.39 717.80 713.33 708.97 704.73 700.60 696.59 692.71 688.66 684.28 679.96 675.75 671.66 667.17 662.02 656.86 651.82 646.89 642.08 637.39 632.82 628.34 623.87 619.41 615.03 610.79 606.68 602.72 598.89 595.20 591.66 588.27 585.04 581.95 579.02 576.25 573.64 571.20 568.92 566.80 564.86 563.09 561.49 560.06
763.06 765.81 768.68 771.66 774.77 777.99 781.32 784.77 788.33 792.00 795.78 797.43 793.44 787.74 782.14 776.62 771.19 765.86 760.62 755.47 750.43 745.48 740.64 735.90 731.26 726.73 722.32 718.01 713.82 709.75 705.79 701.90 697.67 693.28 689.02 684.87 680.67 675.77 670.57 665.48 660.50 655.64 650.90 646.27 641.76 637.29 632.82 628.38 624.07 619.89 615.85 611.94 608.17 604.54 601.05 597.72 594.53 591.50 588.61 585.89 583.32 580.92 578.68 576.60 574.69 572.95 571.37 569.97
772.70 775.41 778.25 781.20 784.26 787.44 790.74 794.15 797.66 801.29 805.03 806.25 801.65 796.02 790.47 785.01 779.64 774.37 769.18 764.10 759.11 754.22 749.43 744.74 740.16 735.69 731.33 727.08 722.94 718.92 715.01 711.00 706.64 702.31 698.10 693.99 689.46 684.30 679.17 674.14 669.23 664.43 659.75 655.18 650.70 646.23 641.77 637.39 633.14 629.02 625.03 621.18 617.47 613.89 610.46 607.18 604.04 601.05 598.22 595.54 593.01 590.65 588.44 586.40 584.52 582.81 581.26 579.89
782.35 785.03 787.82 790.74 793.77 796.91 800.17 803.53 807.01 810.60 814.29 814.81 809.90 804.33 798.84 793.44 788.13 782.91 777.78 772.75 767.82 762.98 758.25 753.62 749.09 744.68 740.37 736.17 732.08 728.11 724.21 720.02 715.64 711.37 707.21 702.97 698.04 692.87 687.80 682.84 677.99 673.25 668.63 664.12 659.65 655.18 650.74 646.43 642.24 638.17 634.24 630.45 626.79 623.27 619.89 616.66 613.57 610.63 607.84 605.20 602.72 600.39 598.22 596.21 594.36 592.68 591.16 589.80
791.95 794.65 797.41 800.29 803.28 806.39 809.61 812.94 816.37 819.92 823.57 823.40 818.19 812.68 807.24 801.90 796.64 791.48 786.41 781.44 776.56 771.78 767.10 762.52 758.05 753.69 749.43 745.28 741.24 737.32 733.33 729.00 724.67 720.45 716.31 711.74 706.59 701.47 696.47 691.57 686.78 682.10 677.54 673.06 668.59 664.13 659.75 655.49 651.36 647.35 643.48 639.74 636.13 632.67 629.34 626.15 623.11 620.22 617.47 614.87 612.43 610.14 608.00 606.03 604.21 602.55 601.05 599.72
