2_day/4_ps/nat_haz/data/distdeforest.asc
NCOLS 367
NROWS 415
XLLCORNER 712367.500000
YLLCORNER 9557227.500000
CELLSIZE 10.000000
NODATA_VALUE -99999.000000
[rows 30 to 59 of 415, columns 68 to 135 of 367]
126.26 118.07 110.19 102.67 95.61 89.12 83.32 78.37 74.44 71.71 70.30 70.00 70.06 70.83 72.92 74.78 75.06 75.77 77.73 79.69 80.00 80.00 80.00 80.00 80.00 80.00 80.00 80.00 80.00 80.00 78.90 76.59 75.28 75.00 75.00 75.00 75.00 75.06 75.77 77.73 80.88 85.10 90.23 96.13 102.67 109.73 117.22 125.07 133.20 141.57 150.14 153.25 145.14 135.15 125.17 115.18 105.20 95.22 85.24 75.28 65.32 55.38 45.46 35.59 25.83 16.35 7.49 1.11
132.07 124.26 116.80 109.73 103.16 97.17 91.88 87.42 83.91 81.50 80.26 80.00 80.05 80.73 82.56 84.61 85.05 85.68 87.42 89.52 90.00 90.00 90.00 90.00 90.00 90.00 90.00 90.00 90.00 89.99 88.63 86.41 85.24 85.00 85.00 85.00 85.00 85.05 85.68 87.42 90.23 94.03 98.70 104.12 110.19 116.80 123.86 131.31 139.07 147.11 155.26 155.27 145.83 135.89 125.96 116.05 106.14 96.26 86.41 76.59 66.83 57.16 47.61 38.30 29.25 20.36 11.84 4.48
138.35 130.93 123.86 117.22 111.09 105.55 100.71 96.65 93.50 91.33 90.23 90.00 90.05 90.65 92.29 94.41 95.04 95.61 97.17 99.29 100.00 100.00 100.00 100.00 100.00 100.00 100.00 100.00 100.00 99.88 98.32 96.26 95.22 95.00 95.00 95.00 95.00 95.04 95.61 97.17 99.71 103.16 107.43 112.44 118.07 124.26 130.93 137.99 145.40 153.11 160.02 157.06 147.20 137.36 127.54 117.76 108.01 98.32 88.69 79.16 69.76 60.55 51.53 42.59 33.75 25.33 17.89 11.00
145.06 137.99 131.31 125.07 119.34 114.20 109.73 106.03 103.16 101.20 100.21 100.00 100.04 100.58 102.06 104.16 105.04 105.55 106.97 109.05 110.00 110.00 110.00 110.00 110.00 110.00 110.00 110.00 110.00 109.74 108.01 106.14 105.20 105.00 105.00 105.00 105.00 105.04 105.55 106.97 109.28 112.44 116.37 121.00 126.26 132.07 138.35 145.06 152.12 159.50 163.73 157.70 148.30 138.90 129.59 120.24 110.76 101.32 92.01 82.87 73.86 64.92 56.03 47.35 39.26 31.93 24.89 17.89
152.12 145.40 139.07 133.20 127.83 123.05 118.92 115.51 112.88 111.09 110.19 110.00 110.04 110.53 111.88 113.94 115.04 115.51 116.80 118.85 120.00 120.00 120.00 120.00 120.00 120.00 120.00 120.00 120.00 119.62 117.76 116.05 115.18 115.00 115.00 115.00 115.00 115.04 115.51 116.80 118.92 121.83 125.47 129.78 134.69 140.15 146.09 152.45 159.19 165.28 163.13 154.41 145.40 136.53 127.83 119.20 110.53 102.08 93.90 85.74 77.52 69.44 61.17 53.31 46.04 38.98 31.93 25.33
159.50 153.11 147.11 141.57 136.53 132.07 128.23 125.07 122.64 121.00 120.17 120.00 120.03 120.49 121.72 123.74 125.01 125.47 126.66 128.61 129.94 130.00 130.00 130.00 130.00 130.00 130.00 130.00 130.00 129.46 127.54 125.96 125.17 125.00 125.00 125.00 125.00 125.03 125.47 126.66 128.61 131.31 134.69 138.71 143.32 148.46 154.08 160.13 166.43 167.62 159.82 150.47 141.21 132.07 123.05 114.20 105.55 97.17 89.12 81.50 74.44 67.97 61.75 56.20 50.58 44.47 38.69 33.67
167.16 161.06 155.38 150.14 145.40 141.21 137.63 134.69 132.45 130.93 130.16 130.00 130.03 130.45 131.59 133.48 134.91 135.43 136.53 138.35 139.82 140.00 140.00 140.00 140.00 140.00 140.00 140.00 140.00 139.25 137.36 135.89 135.15 135.00 135.00 135.00 135.00 135.03 135.43 136.53 138.35 140.86 144.02 147.79 152.12 156.98 162.30 168.05 171.71 166.26 156.66 147.11 137.63 128.23 118.92 109.73 100.71 91.88 83.32 75.11 67.39 60.35 54.24 49.30 44.85 40.38 36.63 33.42
175.05 169.24 163.83 158.88 154.41 150.47 147.11 144.37 142.27 140.86 140.15 140.00 140.03 140.42 141.48 143.24 144.80 145.40 146.43 148.13 149.72 150.00 150.00 150.00 150.00 150.00 150.00 150.00 150.00 149.08 147.20 145.83 145.14 145.00 145.00 145.00 145.00 145.03 145.40 146.43 148.13 150.47 153.43 156.98 161.06 165.66 169.66 172.52 171.67 163.83 154.08 144.37 134.69 125.07 115.51 106.03 96.65 87.42 78.37 69.58 61.17 53.31 46.28 40.52 35.90 31.45 27.24 24.22
183.14 177.60 172.46 167.75 163.53 159.82 156.66 154.08 152.12 150.80 150.14 150.00 150.03 150.39 151.38 153.03 154.70 155.38 156.34 157.93 159.63 160.00 160.00 160.00 160.00 160.00 160.00 160.00 159.99 158.92 157.06 155.78 155.13 155.00 155.00 155.00 155.00 155.03 155.38 156.34 157.93 160.13 162.92 165.51 167.04 167.53 166.91 165.73 164.87 160.96 152.12 142.27 132.45 122.64 112.88 103.16 93.50 83.91 74.44 65.13 56.05 47.35 39.26 32.27 27.04 22.61 18.17 14.98
191.42 186.12 181.22 176.75 172.75 169.24 166.26 163.83 161.99 160.75 160.13 160.00 160.03 160.36 161.30 162.84 164.59 165.35 166.26 167.75 169.49 170.00 170.00 170.00 170.00 170.00 170.00 170.00 169.93 168.72 166.93 165.73 165.13 165.00 165.00 165.00 165.00 165.03 165.35 166.26 166.86 166.81 166.09 164.31 161.45 158.95 157.06 155.78 155.13 154.69 150.20 140.86 130.93 121.00 111.09 101.20 91.33 81.50 71.71 61.98 52.36 42.92 33.79 25.33 18.49 13.76 9.61 5.92
199.85 194.79 190.11 185.85 182.05 178.72 175.90 173.61 171.88 170.71 170.12 170.00 170.02 170.34 171.22 172.68 174.43 175.33 176.19 177.60 179.33 180.00 180.00 180.00 180.00 180.00 180.00 180.00 179.84 178.51 176.82 175.69 175.12 175.00 175.00 175.00 174.89 173.74 171.72 168.97 165.54 161.61 158.17 155.03 151.88 149.22 147.20 145.83 145.14 145.14 144.98 139.75 130.16 120.17 110.19 100.21 90.23 80.26 70.30 60.35 50.42 40.52 30.69 21.03 11.93 5.59 2.45 0.56
208.43 203.57 199.10 195.04 191.42 188.26 185.58 183.42 181.77 180.67 180.12 180.00 180.02 180.32 181.15 182.53 184.28 185.32 186.12 187.46 189.19 190.00 190.00 190.00 190.00 190.00 190.00 190.00 189.76 188.33 186.73 185.65 185.11 184.80 183.37 180.62 176.88 172.05 166.48 161.30 156.58 152.37 148.72 145.55 142.36 139.52 137.36 135.89 135.15 135.15 135.89 135.84 129.82 120.00 110.00 100.00 90.00 80.00 70.00 60.00 50.00 40.00 30.00 20.00 10.00 1.67 0.00 0.00
217.12 212.47 208.19 204.31 200.85 197.84 195.30 193.24 191.68 190.63 190.11 190.00 190.02 190.31 191.09 192.40 194.14 195.30 196.07 197.34 199.06 200.00 200.00 200.00 200.00 200.00 200.00 200.00 199.69 198.16 196.64 194.71 191.55 187.04 181.22 175.05 169.24 163.74 158.16 152.70 147.70 143.24 139.34 136.06 132.89 129.87 127.54 125.96 125.17 125.17 125.96 127.54 127.29 120.03 110.04 100.04 90.05 80.05 70.06 60.07 50.08 40.10 30.14 20.21 10.45 2.45 0.00 0.00
225.92 221.45 217.35 213.64 210.34 207.46 205.04 203.08 201.60 200.60 200.10 200.00 200.02 200.29 201.04 202.28 203.99 205.26 206.01 207.22 208.91 209.96 210.00 210.00 210.00 210.00 210.00 210.00 209.28 205.92 201.02 194.70 187.46 180.39 173.61 167.16 161.06 155.38 149.89 144.28 138.98 134.23 130.06 126.56 123.42 120.28 117.76 116.05 115.18 115.18 116.05 117.76 120.12 118.87 110.53 100.58 90.65 80.73 70.83 60.96 51.15 41.43 31.89 22.73 14.53 7.52 2.45 0.56
234.82 230.52 226.59 223.03 219.87 217.12 214.81 212.94 211.52 210.57 210.10 210.00 210.02 210.28 210.99 212.17 213.81 215.17 215.97 217.12 218.73 219.89 220.00 220.00 220.00 220.00 219.68 217.21 211.74 204.06 196.07 188.26 180.67 173.33 166.26 159.50 153.11 147.11 141.54 136.01 130.45 125.37 120.90 117.12 113.94 110.76 108.01 106.14 105.20 105.20 106.14 108.01 110.76 113.43 110.52 102.06 92.29 82.56 72.92 63.38 54.01 44.91 36.29 28.48 21.35 14.53 9.61 5.92
243.81 239.67 235.88 232.47 229.44 226.81 224.59 222.80 221.45 220.55 220.09 220.00 220.02 220.26 220.94 222.07 223.64 225.09 225.92 227.03 228.56 229.82 230.00 230.00 229.98 228.25 223.14 215.27 206.74 198.35 190.11 182.05 174.19 166.56 159.19 152.12 145.40 139.07 133.20 127.72 122.12 116.69 111.88 107.78 104.46 101.30 98.32 96.26 95.22 95.22 96.26 98.32 101.32 104.33 104.77 102.03 94.82 85.54 76.27 67.21 58.45 50.17 42.56 35.43 28.48 22.68 18.17 15.29
252.87 248.88 245.24 241.95 239.04 236.52 234.40 232.68 231.39 230.52 230.09 230.00 230.02 230.25 230.90 231.98 233.49 235.02 235.88 236.94 238.41 239.76 240.00 239.23 235.43 228.10 219.18 210.34 201.60 192.98 184.50 176.19 168.05 160.13 152.45 145.06 137.99 131.31 125.07 119.34 113.87 108.24 103.04 98.57 94.96 91.83 88.69 86.41 85.24 85.24 86.41 88.69 92.01 94.65 95.00 95.00 93.60 88.65 80.73 72.23 64.16 56.67 49.55 42.56 36.29 31.45 27.24 25.08
262.00 258.15 254.64 251.48 248.68 246.26 244.22 242.57 241.33 240.50 240.09 240.00 240.02 240.24 240.87 241.90 243.34 244.93 245.85 246.86 248.17 248.35 246.55 241.16 232.57 223.63 214.68 205.74 196.83 187.99 179.28 170.71 162.30 154.08 146.09 138.35 130.93 123.86 117.22 111.09 105.52 100.00 94.43 89.54 85.54 82.36 79.16 76.59 75.28 75.28 76.59 79.16 82.80 84.94 85.00 85.00 85.00 84.72 82.42 77.48 70.79 63.68 56.67 50.17 44.88 40.38 36.63 34.65
271.19 267.47 264.09 261.04 258.34 256.01 254.05 252.47 251.28 250.48 250.08 250.00 250.02 250.23 250.83 251.83 253.21 254.80 254.85 253.26 250.39 246.26 241.54 236.08 228.13 219.16 210.21 201.27 192.32 183.39 174.48 165.66 156.98 148.46 140.15 132.07 124.26 116.80 109.73 103.16 97.17 91.71 86.10 80.73 76.27 72.88 69.72 66.83 65.32 65.32 66.83 69.76 73.49 75.00 75.00 75.00 75.00 75.00 75.00 74.75 73.02 69.33 64.04 58.45 53.75 49.41 46.28 44.23
280.43 276.84 273.57 270.63 268.03 265.79 263.90 262.38 261.23 260.46 260.08 260.00 260.02 260.22 260.80 261.58 261.17 258.65 253.99 248.28 242.78 237.57 232.68 228.13 222.78 214.81 205.77 196.80 187.85 178.92 169.97 161.03 152.12 143.32 134.69 126.26 118.07 110.19 102.67 95.61 89.12 83.32 77.89 72.23 67.21 63.38 60.28 57.16 55.38 55.38 57.16 60.55 64.17 65.00 65.00 65.00 65.00 65.00 65.00 65.00 65.00 65.00 64.29 63.01 61.42 58.67 56.05 53.77
289.73 286.25 283.09 280.25 277.74 275.58 273.75 272.29 271.19 270.45 270.08 270.00 270.02 269.87 268.16 264.45 258.73 252.27 246.05 240.09 234.40 229.00 223.92 219.18 214.81 209.60 201.60 192.46 183.42 174.44 165.50 156.56 147.61 138.67 129.78 121.00 112.44 104.12 96.13 88.55 81.50 75.11 69.52 64.03 58.45 54.01 50.83 47.61 45.46 45.46 47.61 51.53 54.60 55.00 55.00 55.00 55.00 55.00 55.00 55.00 55.00 55.00 55.08 56.05 58.67 61.51 63.44 63.07
299.07 295.71 292.65 289.90 287.47 285.38 283.62 282.21 281.14 280.43 280.07 279.14 276.39 271.71 265.18 258.15 251.28 244.63 238.21 232.04 226.15 220.55 215.27 210.34 205.77 201.60 196.55 188.52 179.28 170.12 161.06 152.09 143.14 134.21 125.26 116.32 107.43 98.70 90.23 82.11 74.44 67.39 61.17 55.78 50.14 44.91 41.37 38.22 35.59 35.59 38.30 42.56 44.89 45.00 45.00 45.00 45.00 45.00 45.00 45.00 45.00 45.00 45.09 46.28 49.41 54.24 59.93 64.56
308.45 305.19 302.23 299.57 297.22 295.20 293.50 292.13 291.05 289.05 285.16 279.36 272.29 265.18 258.11 251.04 244.01 237.15 230.52 224.15 218.04 212.23 206.74 201.60 196.83 192.46 188.52 183.66 175.62 166.26 156.98 147.79 138.71 129.73 120.78 111.85 102.90 93.97 85.10 76.43 68.13 60.35 53.31 47.35 42.03 36.29 31.89 28.87 25.83 25.83 29.25 33.38 35.00 35.00 35.00 35.00 35.00 35.00 35.00 35.00 35.00 35.00 35.12 36.63 40.52 46.10 51.56 57.15
317.87 314.71 311.84 309.26 306.99 305.03 303.11 299.92 294.98 288.17 280.43 272.84 265.41 258.15 251.04 243.97 236.90 229.87 223.03 216.43 210.10 204.06 198.35 192.98 187.99 183.42 179.28 175.62 170.98 162.92 153.43 144.02 134.69 125.47 116.37 107.38 98.43 89.50 80.55 71.63 62.78 54.24 46.28 39.26 33.67 28.29 22.73 19.61 16.35 16.35 20.36 24.05 25.00 25.00 25.00 25.00 25.00 25.00 25.00 25.00 25.00 25.00 25.17 27.24 32.23 37.91 43.21 49.61
327.33 324.26 321.47 318.97 316.19 311.96 305.91 298.23 290.07 282.03 274.12 266.35 258.73 251.28 244.01 236.90 229.82 222.75 215.74 208.91 202.34 196.07 190.11 184.50 179.28 174.48 170.12 166.26 162.92 158.53 150.47 140.86 131.31 121.83 112.44 103.16 94.03 85.03 76.09 67.16 58.21 49.30 40.52 32.27 25.33 20.24 14.53 10.36 7.49 7.49 11.71 14.69 15.00 15.00 15.00 15.00 15.00 15.00 15.00 15.00 15.00 15.00 15.29 18.49 24.34 29.44 35.51 42.49
336.81 333.83 330.17 324.88 317.93 309.58 301.07 292.65 284.33 276.12 268.03 260.08 252.27 244.63 237.15 229.87 222.75 215.68 208.61 201.60 194.79 188.26 182.05 176.19 170.71 165.66 161.06 156.98 153.43 150.47 146.40 138.35 128.61 118.92 109.28 99.71 90.23 80.88 71.71 62.69 53.75 44.85 35.90 27.04 18.49 11.84 7.16 2.45 1.11 1.11 3.56 5.00 5.00 5.00 5.00 5.00 5.00 5.00 5.00 5.00 5.00 5.00 5.92 10.87 16.03 21.47 28.38 35.43
343.95 338.73 330.92 322.09 313.28 304.54 295.87 287.30 278.82 270.45 262.19 254.05 246.05 238.21 230.52 223.03 215.74 208.61 201.54 194.47 187.46 180.67 174.19 168.05 162.30 156.98 152.12 147.79 144.02 140.86 138.35 134.46 126.32 116.62 106.92 97.17 87.42 77.73 68.13 58.67 49.41 40.38 31.45 22.61 13.76 5.59 1.11 0.00 0.00 0.00 0.00 0.00 0.00 0.00 0.00 0.00 0.00 0.00 0.00 0.00 0.00 0.00 0.56 3.56 7.85 14.35 21.35 28.48
339.76 335.16 326.48 317.54 308.61 299.74 290.93 282.21 273.57 265.03 256.60 248.28 240.09 232.04 224.15 216.43 208.91 201.60 194.47 187.40 180.33 173.33 166.56 160.13 154.08 148.46 143.32 138.71 134.69 131.31 128.61 126.54 122.50 114.09 104.47 94.82 85.18 75.50 65.81 56.05 46.28 36.63 27.24 18.17 9.61 2.45 0.00 0.00 0.00 0.00 0.00 0.00 0.00 0.00 0.00 0.00 0.00 0.00 0.00 0.00 0.00 0.00 0.00 0.00 1.90 7.52 14.53 22.68
330.17 328.38 321.87 313.07 304.12 295.18 286.25 277.38 268.59 259.89 251.28 242.78 234.40 226.15 218.04 210.10 202.34 194.79 187.46 180.33 173.26 166.19 159.19 152.45 146.09 140.15 134.69 129.78 125.47 121.83 118.92 116.80 115.24 110.93 102.06 92.29 82.56 72.92 63.35 53.77 44.23 34.65 25.08 15.29 5.92 0.56 0.00 0.00 0.00 0.00 0.00 0.00 0.00 0.00 0.00 0.00 0.00 0.00 0.00 0.00 0.00 0.00 0.00 0.00 0.00 2.45 9.61 17.57
320.18 319.27 315.71 308.65 299.69 290.71 281.76 272.82 263.90 255.03 246.26 237.57 229.00 220.55 212.23 204.06 196.07 188.26 180.67 173.33 166.19 159.12 152.05 145.06 138.35 132.07 126.26 121.00 116.37 112.44 109.28 106.97 105.55 104.60 99.95 90.65 80.73 70.83 60.96 51.15 41.43 31.89 22.60 13.47 4.67 0.00 0.00 0.00 0.00 0.00 0.00 0.00 0.00 0.00 0.00 0.00 0.00 0.00 0.00 0.00 0.00 0.00 0.00 0.00 0.00 0.56 4.48 11.00
