2_day/4_ps/nat_haz/data/elev.asc
NCOLS 367
NROWS 415
XLLCORNER 712367.500000
YLLCORNER 9557227.500000
CELLSIZE 10.000000
NODATA_VALUE -99999.000000
[rows 377 to 405 of 415, columns 198 to 263 of 367]
2563.65 2566.91 2569.83 2572.31 2574.95 2578.26 2582.24 2586.60 2590.76 2593.85 2595.38 2595.58 2595.02 2594.04 2592.63 2590.47 2587.12 2582.48 2576.78 2570.17 2563.22 2562.41 2568.68 2573.11 2576.01 2575.83 2573.52 2571.44 2572.25 2573.65 2575.31 2579.97 2587.45 2596.83 2607.27 2617.70 2627.59 2635.91 2643.39 2651.25 2658.22 2664.52 2671.11 2677.78 2683.74 2688.95 2693.81 2698.43 2703.06 2707.19 2710.24 2712.70 2715.49 2718.98 2722.70 2726.13 2729.40 2733.01 2737.29 2742.50 2748.57 2754.89 2760.78 2765.50 2768.55 2770.04
2566.06 2568.25 2570.66 2572.94 2575.37 2578.48 2582.85 2588.17 2593.44 2597.56 2599.83 2600.56 2600.32 2599.36 2597.77 2595.40 2591.77 2586.83 2580.77 2573.79 2567.10 2565.24 2568.37 2574.55 2582.01 2583.82 2581.60 2576.94 2572.54 2570.65 2571.53 2574.93 2580.42 2588.26 2598.13 2608.55 2618.48 2627.29 2635.29 2643.24 2651.00 2658.91 2667.04 2674.93 2681.92 2688.16 2694.28 2700.21 2705.91 2710.79 2713.95 2715.99 2718.77 2722.65 2726.73 2730.38 2733.80 2737.80 2742.46 2747.36 2752.40 2757.41 2762.10 2765.89 2768.21 2769.00
2568.98 2570.29 2572.00 2573.85 2575.93 2578.78 2583.34 2589.32 2595.37 2600.23 2603.13 2604.48 2604.73 2604.04 2602.50 2599.98 2596.01 2590.67 2584.32 2577.36 2570.89 2566.75 2566.24 2572.92 2584.36 2589.95 2590.82 2587.60 2581.52 2576.55 2574.43 2574.84 2577.42 2582.92 2591.51 2601.49 2610.93 2619.71 2627.94 2635.49 2643.25 2652.19 2661.45 2670.21 2678.17 2685.68 2693.36 2701.08 2708.30 2714.35 2717.91 2719.50 2722.48 2726.91 2731.46 2735.42 2739.00 2743.24 2747.91 2752.16 2755.99 2759.74 2763.27 2765.92 2767.20 2767.07
2572.15 2572.92 2574.09 2575.59 2577.50 2580.32 2584.68 2590.38 2596.41 2601.58 2605.16 2607.37 2608.34 2608.10 2606.66 2603.93 2599.70 2594.15 2587.72 2580.86 2574.19 2568.72 2566.46 2571.75 2583.42 2592.37 2597.48 2597.62 2592.11 2585.76 2581.25 2578.73 2578.18 2580.47 2586.18 2594.31 2603.06 2612.10 2620.87 2628.63 2636.66 2645.93 2655.62 2664.87 2673.43 2681.71 2690.52 2699.87 2709.08 2716.60 2721.12 2723.41 2726.69 2731.50 2736.58 2741.10 2745.22 2749.56 2753.68 2756.85 2759.30 2761.64 2763.88 2765.27 2765.33 2764.09
2575.64 2576.16 2577.04 2578.38 2580.18 2582.79 2586.55 2591.38 2596.76 2601.95 2606.32 2609.57 2611.42 2611.66 2610.30 2607.39 2603.01 2597.41 2591.06 2584.39 2577.82 2572.00 2568.85 2571.46 2580.75 2591.44 2599.38 2602.12 2599.21 2594.16 2589.22 2584.82 2581.25 2579.76 2581.62 2586.84 2594.73 2604.14 2613.59 2622.37 2631.15 2640.53 2650.22 2659.67 2668.51 2677.03 2686.27 2696.64 2707.55 2717.21 2722.83 2725.85 2729.61 2735.04 2740.82 2745.93 2750.66 2755.18 2758.69 2760.64 2761.64 2762.41 2763.13 2763.26 2762.08 2759.72
2579.61 2580.21 2581.02 2582.26 2583.79 2585.85 2588.75 2592.54 2597.05 2602.13 2607.26 2611.56 2614.30 2615.01 2613.71 2610.70 2606.25 2600.66 2594.41 2588.00 2581.71 2575.77 2571.50 2571.39 2578.54 2588.89 2597.80 2602.61 2602.98 2600.60 2596.83 2591.84 2585.85 2580.86 2579.33 2581.67 2588.29 2597.55 2607.28 2616.80 2626.18 2635.64 2645.25 2654.79 2663.78 2672.11 2680.73 2690.68 2701.86 2712.88 2720.31 2724.37 2729.18 2735.91 2742.65 2748.29 2753.31 2757.88 2760.94 2761.66 2761.18 2760.39 2759.65 2758.70 2756.68 2753.63
2583.91 2584.98 2585.95 2587.00 2588.08 2589.42 2591.40 2594.32 2598.13 2603.00 2608.57 2613.62 2617.16 2618.27 2617.05 2614.10 2609.75 2604.21 2597.95 2591.51 2585.19 2579.24 2574.59 2573.31 2577.62 2585.67 2594.40 2601.29 2604.81 2605.16 2603.15 2598.64 2591.68 2584.98 2581.51 2581.75 2586.24 2593.99 2602.96 2612.33 2621.76 2631.06 2640.44 2649.92 2658.94 2666.91 2674.64 2683.52 2693.67 2704.22 2713.03 2718.96 2725.57 2733.89 2741.60 2747.48 2752.09 2755.95 2758.07 2757.62 2756.12 2754.35 2752.49 2750.69 2748.62 2745.76
2587.63 2589.47 2590.95 2592.04 2592.75 2593.42 2594.63 2596.96 2600.63 2605.26 2610.49 2615.56 2619.53 2621.12 2620.34 2617.81 2613.84 2608.44 2601.98 2595.12 2588.47 2582.60 2578.09 2575.82 2577.14 2582.28 2590.59 2599.49 2605.59 2608.04 2607.50 2604.02 2598.02 2591.68 2587.34 2586.02 2588.17 2593.41 2600.56 2608.81 2617.59 2626.43 2635.47 2644.70 2653.58 2661.63 2669.34 2677.73 2687.04 2696.77 2705.61 2713.00 2721.16 2730.41 2738.57 2743.89 2747.40 2749.80 2749.83 2747.91 2746.34 2744.76 2742.03 2739.45 2738.02 2736.48
2589.50 2592.57 2595.08 2596.74 2597.43 2597.75 2598.53 2600.49 2604.08 2608.44 2612.93 2617.28 2621.13 2623.51 2623.80 2622.21 2618.84 2613.55 2606.68 2599.07 2591.79 2585.70 2581.09 2577.93 2577.00 2579.41 2587.20 2597.94 2605.67 2609.43 2610.35 2608.56 2604.36 2599.10 2594.54 2591.96 2592.03 2594.72 2599.53 2605.91 2613.39 2621.57 2630.31 2639.37 2648.29 2656.74 2664.93 2673.33 2682.12 2691.03 2699.46 2707.54 2716.62 2726.18 2734.09 2738.81 2741.37 2742.39 2739.45 2734.00 2732.73 2733.39 2729.28 2725.27 2725.34 2726.68
2588.52 2593.39 2597.59 2600.42 2601.62 2602.11 2602.99 2605.01 2608.39 2612.30 2615.91 2619.57 2623.32 2626.30 2627.76 2627.42 2624.86 2619.72 2612.32 2603.62 2595.30 2588.53 2583.47 2579.96 2578.18 2578.96 2585.28 2595.64 2603.91 2609.08 2612.10 2612.64 2610.50 2606.48 2602.05 2598.51 2596.77 2597.09 2599.38 2603.52 2609.37 2616.73 2625.24 2634.36 2643.53 2652.48 2661.19 2669.76 2678.21 2686.40 2694.21 2702.41 2712.14 2721.99 2729.80 2734.40 2736.30 2736.03 2730.38 2717.61 2714.49 2718.05 2713.28 2709.57 2712.35 2717.33
2584.26 2591.50 2597.99 2602.42 2604.54 2605.61 2606.87 2609.14 2612.59 2616.44 2619.49 2622.60 2626.32 2629.65 2632.04 2633.11 2631.70 2627.00 2619.51 2609.45 2599.61 2591.94 2586.17 2582.24 2580.10 2579.83 2583.78 2591.72 2599.98 2607.04 2612.64 2615.99 2616.06 2613.32 2609.38 2605.35 2602.08 2600.12 2599.83 2601.55 2605.61 2612.09 2620.54 2629.93 2639.42 2648.80 2657.99 2666.80 2675.15 2683.08 2690.73 2699.03 2708.96 2718.83 2726.46 2730.39 2730.43 2727.39 2720.51 2704.87 2698.23 2700.45 2699.75 2700.33 2704.85 2711.28
2577.92 2587.14 2595.75 2601.90 2605.23 2607.06 2608.75 2611.36 2615.12 2619.32 2622.73 2625.87 2629.48 2633.03 2636.09 2638.44 2638.46 2635.09 2629.59 2618.20 2606.21 2597.20 2589.99 2584.79 2581.45 2579.89 2581.89 2588.05 2595.95 2604.05 2611.64 2617.64 2620.02 2618.93 2616.09 2612.16 2607.72 2603.68 2600.87 2600.05 2602.12 2607.73 2616.40 2626.32 2636.05 2645.55 2654.98 2664.03 2672.55 2680.80 2688.96 2697.75 2707.61 2717.02 2723.74 2725.43 2721.42 2712.83 2703.40 2695.61 2693.56 2696.77 2699.77 2702.51 2706.48 2711.87
2571.73 2581.47 2590.85 2598.33 2603.12 2605.63 2607.71 2610.82 2615.11 2619.84 2624.11 2627.97 2631.93 2635.90 2639.65 2642.97 2644.50 2643.95 2641.92 2631.31 2617.15 2605.37 2595.64 2588.62 2583.86 2581.15 2581.66 2586.03 2592.70 2600.41 2608.59 2616.26 2621.20 2622.74 2621.70 2618.46 2613.46 2607.90 2602.94 2599.60 2599.36 2603.86 2612.92 2623.50 2633.07 2642.21 2651.50 2660.70 2669.61 2678.49 2687.51 2697.03 2706.93 2715.77 2721.04 2718.21 2708.46 2696.18 2688.27 2689.09 2694.51 2700.97 2705.40 2708.88 2712.84 2717.55
2568.12 2576.69 2585.31 2592.74 2597.93 2600.74 2603.37 2607.36 2612.59 2618.27 2623.46 2628.19 2632.91 2637.73 2642.52 2646.97 2650.24 2651.92 2650.83 2643.00 2629.78 2615.66 2603.58 2594.88 2588.77 2584.91 2583.89 2586.00 2590.50 2596.51 2603.78 2612.23 2620.11 2624.81 2625.96 2623.96 2619.32 2613.22 2606.96 2601.56 2598.80 2601.35 2610.03 2620.51 2629.52 2638.17 2647.24 2656.56 2665.92 2675.40 2685.12 2695.09 2704.82 2712.79 2715.35 2705.72 2690.86 2683.01 2681.65 2687.87 2696.81 2704.71 2710.28 2715.11 2720.08 2725.04
2568.16 2574.26 2580.78 2586.38 2590.22 2592.83 2596.29 2601.51 2607.97 2614.67 2620.72 2626.27 2631.81 2637.62 2643.69 2649.59 2654.22 2656.73 2656.00 2650.44 2639.94 2626.47 2613.72 2603.76 2596.14 2590.79 2587.98 2587.78 2589.78 2593.39 2598.69 2607.15 2617.49 2625.35 2629.21 2629.15 2625.85 2620.34 2613.91 2607.67 2603.15 2603.09 2608.96 2617.13 2625.15 2633.49 2642.57 2652.10 2661.74 2671.53 2681.49 2691.25 2699.94 2705.48 2703.13 2689.44 2677.77 2679.13 2683.24 2690.59 2699.77 2707.59 2713.73 2719.60 2725.98 2732.05
2570.41 2573.95 2578.01 2581.23 2582.99 2584.51 2588.37 2594.57 2602.15 2609.78 2616.25 2622.16 2628.26 2635.01 2642.66 2650.04 2655.46 2658.41 2658.32 2654.62 2647.26 2636.80 2625.05 2614.41 2605.37 2598.39 2593.79 2591.44 2591.03 2592.29 2595.73 2603.01 2613.70 2624.53 2631.92 2634.39 2633.29 2629.40 2623.46 2617.43 2612.65 2610.21 2611.31 2615.28 2621.13 2628.86 2638.17 2648.03 2657.71 2667.42 2677.10 2686.12 2693.36 2696.44 2691.90 2681.04 2675.41 2678.91 2685.21 2693.17 2701.92 2709.40 2715.91 2722.53 2729.85 2736.99
2573.41 2575.08 2577.35 2578.88 2579.19 2579.51 2582.42 2588.10 2596.06 2604.14 2610.06 2615.54 2621.93 2629.87 2639.26 2647.47 2653.31 2656.88 2657.75 2655.94 2651.62 2644.69 2635.62 2625.83 2616.01 2607.60 2601.40 2597.03 2594.36 2593.33 2594.53 2598.98 2608.06 2621.75 2633.91 2639.69 2640.75 2638.56 2633.44 2627.97 2623.22 2618.85 2615.84 2615.40 2618.29 2625.06 2634.77 2645.11 2654.67 2663.90 2672.91 2681.05 2687.39 2689.40 2685.66 2679.29 2676.49 2679.42 2685.22 2692.84 2701.40 2709.26 2716.47 2723.74 2731.16 2738.20
2576.24 2577.02 2578.54 2579.43 2579.43 2579.11 2579.79 2582.77 2589.43 2597.09 2602.30 2606.97 2613.10 2620.95 2630.41 2639.43 2646.83 2651.92 2654.17 2654.36 2653.23 2650.30 2645.02 2637.69 2628.44 2618.81 2610.78 2604.37 2599.53 2596.08 2594.17 2594.85 2601.70 2617.14 2633.89 2643.82 2646.86 2645.94 2642.05 2637.23 2632.39 2627.14 2621.86 2617.84 2617.41 2622.76 2632.80 2643.37 2652.36 2660.92 2669.42 2677.27 2683.29 2684.80 2681.55 2677.43 2676.27 2678.70 2683.18 2689.79 2698.34 2706.89 2714.94 2722.80 2729.90 2736.19
2578.39 2578.91 2580.51 2581.61 2581.97 2581.40 2580.25 2580.14 2584.48 2590.90 2595.72 2599.72 2604.45 2609.76 2616.92 2626.35 2636.08 2643.82 2647.68 2649.98 2652.65 2654.38 2653.22 2648.71 2641.02 2630.90 2621.09 2612.82 2606.19 2600.68 2596.06 2593.91 2598.77 2612.95 2630.96 2644.21 2650.26 2651.31 2649.07 2645.27 2640.81 2635.78 2630.29 2624.55 2620.82 2623.52 2632.00 2641.39 2649.42 2657.29 2665.54 2673.54 2679.32 2679.96 2676.33 2673.56 2674.33 2677.36 2680.50 2685.32 2693.48 2702.43 2711.34 2719.82 2726.70 2732.37
2579.80 2579.96 2582.37 2584.58 2585.92 2585.84 2584.21 2582.91 2585.07 2589.34 2593.35 2596.78 2599.50 2601.10 2604.85 2613.47 2623.97 2633.59 2639.16 2643.83 2650.45 2656.97 2659.78 2657.57 2651.30 2641.83 2631.11 2621.55 2613.82 2606.82 2599.93 2595.27 2597.63 2609.08 2626.45 2642.05 2651.37 2654.84 2654.52 2652.12 2648.56 2644.51 2640.40 2635.32 2629.54 2628.27 2632.47 2638.86 2645.34 2652.00 2659.38 2666.99 2672.12 2671.60 2668.24 2667.87 2672.17 2677.49 2679.98 2682.70 2689.67 2698.05 2706.90 2715.42 2722.27 2727.55
2582.64 2582.11 2585.05 2588.48 2591.23 2592.43 2591.49 2589.89 2590.07 2592.03 2594.65 2597.35 2599.10 2598.73 2599.99 2606.26 2615.43 2624.77 2631.85 2638.45 2647.68 2657.96 2664.82 2665.81 2661.41 2652.41 2640.70 2630.04 2622.01 2614.38 2605.99 2599.31 2599.12 2606.92 2622.95 2640.06 2651.39 2656.66 2658.27 2657.54 2655.02 2651.88 2648.88 2644.57 2638.27 2634.04 2634.10 2636.95 2640.94 2645.37 2650.60 2656.47 2660.87 2661.15 2660.18 2663.81 2672.67 2679.87 2682.82 2685.05 2690.02 2696.52 2703.81 2711.34 2717.59 2722.30
2588.50 2586.99 2589.28 2593.16 2596.98 2599.45 2599.38 2597.66 2596.58 2596.68 2597.55 2598.85 2599.83 2599.36 2599.75 2603.64 2611.16 2620.27 2627.95 2635.25 2645.63 2658.62 2669.24 2674.01 2671.97 2663.34 2650.84 2639.43 2631.32 2624.21 2616.74 2609.02 2605.13 2608.25 2620.39 2637.13 2649.51 2656.55 2660.33 2661.42 2660.01 2657.61 2655.25 2651.37 2645.36 2639.63 2636.68 2636.16 2637.26 2639.23 2641.81 2644.03 2646.36 2651.63 2658.28 2667.43 2678.42 2684.93 2687.74 2690.03 2693.63 2698.05 2703.23 2709.45 2714.67 2718.46
2593.99 2592.13 2593.82 2597.64 2601.85 2604.82 2605.50 2604.33 2602.80 2601.60 2600.70 2600.03 2599.57 2598.95 2598.90 2601.26 2607.80 2617.35 2626.26 2635.04 2646.17 2659.83 2672.28 2679.64 2679.87 2672.75 2661.65 2651.02 2642.38 2635.31 2628.92 2621.13 2614.16 2612.44 2618.65 2631.78 2644.94 2654.65 2661.04 2664.23 2664.55 2663.32 2661.55 2658.30 2652.92 2646.37 2640.81 2637.11 2635.63 2636.20 2637.72 2638.58 2641.18 2651.35 2664.39 2675.99 2685.39 2690.40 2692.87 2695.23 2698.39 2701.99 2706.02 2710.98 2715.52 2719.04
2597.34 2595.75 2597.40 2601.23 2605.62 2608.94 2610.28 2609.78 2608.22 2606.24 2604.04 2601.83 2599.99 2598.41 2597.23 2598.18 2604.14 2614.86 2625.94 2636.50 2648.16 2660.99 2672.92 2680.94 2682.93 2678.54 2670.51 2661.83 2653.51 2646.47 2640.26 2632.98 2624.81 2619.01 2619.37 2628.00 2640.70 2652.21 2661.03 2666.62 2669.14 2669.36 2668.04 2665.27 2660.57 2653.81 2646.74 2640.70 2637.21 2636.78 2638.67 2641.95 2648.58 2661.98 2675.72 2684.83 2690.97 2694.54 2696.85 2699.55 2702.81 2706.32 2710.21 2714.73 2719.27 2723.27
2598.90 2597.68 2599.74 2604.00 2608.82 2612.66 2614.52 2614.47 2613.02 2610.64 2607.73 2604.66 2601.78 2599.04 2596.56 2596.41 2601.98 2613.72 2626.68 2638.29 2650.07 2662.06 2672.98 2680.92 2684.22 2682.36 2676.99 2670.07 2662.92 2656.74 2651.17 2644.65 2636.34 2628.24 2624.53 2628.76 2638.77 2649.87 2660.24 2668.25 2673.16 2674.71 2673.78 2671.29 2667.08 2661.13 2654.53 2648.38 2643.71 2640.26 2640.10 2647.19 2658.37 2672.56 2684.63 2690.87 2694.67 2697.24 2699.68 2702.94 2706.62 2710.32 2714.30 2718.76 2723.39 2727.91
2599.63 2598.57 2601.34 2606.34 2611.80 2616.21 2618.40 2618.58 2617.27 2614.76 2611.49 2607.85 2604.20 2600.62 2597.30 2596.22 2601.17 2613.74 2629.06 2642.16 2653.32 2664.01 2673.79 2681.63 2686.24 2686.58 2683.00 2676.88 2670.36 2665.07 2660.27 2654.10 2646.19 2638.01 2632.45 2632.23 2637.47 2646.07 2657.47 2668.42 2676.03 2678.88 2678.38 2676.41 2672.97 2668.38 2663.49 2659.12 2654.93 2648.10 2643.55 2651.47 2664.00 2675.46 2685.51 2691.65 2695.43 2698.53 2701.97 2705.95 2709.92 2713.76 2717.85 2722.37 2727.12 2731.96
2600.88 2599.78 2603.32 2608.90 2614.63 2619.26 2621.64 2621.96 2620.80 2618.38 2615.00 2610.96 2606.69 2602.58 2599.18 2597.78 2602.63 2616.32 2633.11 2646.79 2657.06 2666.54 2675.55 2683.54 2689.44 2691.73 2689.54 2683.49 2676.75 2671.80 2667.17 2661.27 2654.03 2646.41 2639.74 2635.60 2635.59 2641.62 2654.73 2668.19 2677.32 2681.45 2682.11 2680.99 2678.54 2675.26 2671.89 2669.02 2665.65 2658.47 2651.94 2654.45 2662.47 2672.03 2681.42 2687.95 2693.05 2698.31 2703.50 2708.15 2712.41 2716.46 2720.78 2725.56 2730.45 2735.53
2604.83 2603.61 2606.98 2612.31 2617.58 2621.65 2623.99 2624.50 2623.54 2621.37 2618.10 2613.83 2609.15 2604.69 2601.23 2599.82 2605.82 2620.42 2636.58 2649.51 2659.35 2668.44 2677.41 2685.86 2692.85 2696.92 2696.33 2690.83 2684.09 2678.69 2673.49 2667.61 2661.04 2653.96 2646.89 2640.73 2637.61 2642.61 2656.29 2669.72 2678.80 2683.59 2685.35 2685.16 2683.68 2681.42 2678.89 2676.53 2673.13 2666.72 2659.60 2656.66 2659.06 2666.07 2674.50 2681.23 2687.65 2695.41 2702.59 2708.20 2713.38 2718.28 2723.18 2728.18 2733.21 2738.56
2611.22 2609.90 2612.20 2615.60 2620.64 2624.07 2625.96 2626.45 2625.63 2623.69 2620.62 2616.46 2611.70 2607.00 2603.08 2601.85 2609.00 2623.72 2638.81 2650.70 2660.05 2669.08 2678.28 2687.15 2694.81 2699.98 2700.97 2697.41 2691.93 2686.22 2680.25 2674.23 2668.27 2662.11 2655.87 2650.15 2646.56 2649.65 2660.39 2671.99 2680.64 2685.75 2688.22 2688.91 2688.34 2686.93 2685.07 2683.00 2679.84 2674.11 2666.17 2659.70 2658.21 2661.88 2668.18 2674.44 2680.90 2689.03 2697.41 2704.98 2711.78 2718.20 2724.02 2729.29 2734.94 2741.15
