2_day/4_ps/nat_haz/data/elev.asc
NCOLS 367
NROWS 415
XLLCORNER 712367.500000
YLLCORNER 9557227.500000
CELLSIZE 10.000000
NODATA_VALUE -99999.000000
[rows 290 to 318 of 415, columns 198 to 263 of 367]
2436.82 2443.49 2447.82 2449.62 2449.54 2447.99 2445.79 2443.78 2442.51 2442.08 2442.48 2443.57 2445.24 2447.97 2451.46 2454.56 2457.34 2460.90 2466.09 2472.56 2477.73 2482.52 2491.21 2500.50 2509.14 2519.85 2530.78 2540.88 2550.97 2561.58 2572.25 2582.11 2590.77 2597.83 2604.35 2612.48 2623.75 2635.71 2645.14 2654.35 2663.45 2670.47 2676.26 2681.48 2685.86 2689.76 2693.89 2698.28 2702.87 2707.45 2711.70 2715.41 2718.57 2720.90 2722.82 2725.23 2727.77 2730.03 2731.88 2733.35 2734.36 2734.84 2734.70 2733.82 2732.07 2729.38
2442.15 2448.82 2453.91 2456.04 2456.07 2454.78 2452.63 2450.45 2449.17 2449.03 2450.08 2451.90 2454.06 2457.12 2460.99 2465.16 2469.33 2473.18 2477.02 2480.10 2481.82 2483.89 2489.67 2496.04 2502.37 2512.39 2523.51 2533.90 2544.61 2555.87 2566.62 2575.54 2583.08 2589.86 2596.89 2604.43 2612.96 2623.90 2635.59 2646.40 2654.72 2660.99 2667.93 2675.09 2681.34 2687.13 2692.93 2698.63 2704.08 2709.38 2714.34 2718.54 2721.89 2724.44 2726.45 2728.53 2730.68 2732.64 2734.28 2735.56 2736.46 2736.92 2736.90 2736.33 2735.06 2733.06
2446.85 2454.23 2459.83 2462.10 2462.09 2460.74 2458.38 2455.94 2455.04 2455.43 2457.36 2460.29 2463.10 2466.60 2470.94 2475.83 2480.70 2484.61 2487.83 2490.07 2491.39 2492.66 2495.34 2498.43 2501.88 2509.28 2518.31 2527.42 2537.63 2548.61 2559.07 2567.25 2574.24 2581.64 2589.94 2597.56 2603.97 2614.23 2627.00 2638.41 2646.01 2652.94 2660.86 2668.43 2676.45 2684.33 2691.55 2698.05 2704.30 2710.49 2716.25 2720.97 2724.45 2727.03 2729.07 2730.93 2732.75 2734.43 2735.88 2737.08 2737.99 2738.52 2738.72 2738.54 2737.77 2736.35
2452.47 2460.35 2465.90 2468.11 2467.87 2465.98 2463.17 2460.78 2460.77 2462.09 2464.72 2468.31 2471.79 2475.65 2480.08 2484.71 2489.22 2493.29 2496.75 2499.51 2501.83 2503.69 2505.91 2508.50 2510.95 2514.73 2518.85 2524.53 2532.86 2542.00 2551.00 2558.53 2566.23 2576.57 2586.63 2594.83 2601.16 2610.56 2622.21 2632.10 2639.26 2647.12 2655.43 2663.91 2673.91 2683.15 2690.79 2697.47 2704.05 2710.78 2717.20 2722.36 2725.98 2728.59 2730.58 2732.27 2733.86 2735.35 2736.71 2738.00 2739.15 2739.98 2740.54 2740.78 2740.41 2739.40
2460.65 2468.30 2472.91 2474.33 2473.67 2471.02 2467.95 2466.37 2467.19 2469.49 2472.64 2476.18 2479.71 2483.83 2488.29 2492.26 2495.95 2500.05 2503.90 2507.14 2510.28 2513.58 2516.96 2520.14 2522.00 2523.16 2524.23 2527.06 2532.82 2539.38 2545.94 2552.66 2561.80 2575.02 2586.47 2595.47 2602.97 2611.23 2620.78 2628.69 2635.71 2644.02 2653.66 2663.84 2674.33 2683.53 2690.78 2697.03 2703.33 2710.09 2716.82 2722.36 2726.28 2729.01 2730.96 2732.52 2733.92 2735.28 2736.66 2738.17 2739.77 2741.24 2742.37 2743.00 2742.99 2742.36
2471.88 2477.92 2480.81 2480.94 2479.55 2476.02 2473.08 2472.83 2474.69 2477.52 2480.55 2483.41 2486.57 2491.04 2495.99 2499.73 2502.82 2506.56 2510.28 2513.59 2517.15 2521.52 2525.71 2528.84 2530.34 2530.61 2530.91 2532.59 2536.22 2540.66 2545.03 2550.61 2558.96 2570.68 2583.18 2593.46 2601.83 2609.99 2618.66 2626.32 2633.62 2642.51 2653.71 2665.08 2675.48 2684.31 2690.93 2696.37 2701.96 2708.51 2715.36 2721.24 2725.51 2728.34 2730.26 2731.65 2732.85 2734.08 2735.53 2737.40 2739.63 2741.89 2743.67 2744.77 2745.20 2745.05
2483.16 2486.70 2488.39 2487.75 2485.31 2481.39 2479.21 2480.53 2483.44 2486.49 2488.80 2490.29 2492.65 2497.48 2503.08 2507.37 2510.58 2513.79 2517.04 2520.26 2523.97 2528.54 2532.83 2535.85 2537.33 2537.62 2537.85 2538.89 2540.89 2543.49 2546.37 2550.31 2556.29 2566.54 2579.58 2590.34 2598.50 2606.61 2615.88 2624.34 2631.83 2640.51 2651.74 2663.72 2675.24 2684.64 2691.04 2695.72 2700.43 2706.67 2713.56 2719.60 2723.89 2726.70 2728.52 2729.69 2730.60 2731.64 2733.11 2735.32 2738.28 2741.34 2743.85 2745.60 2746.63 2747.12
2491.74 2494.01 2495.35 2494.67 2492.13 2489.09 2488.13 2490.25 2493.72 2496.80 2498.41 2498.73 2500.12 2504.63 2510.13 2514.92 2518.42 2521.38 2524.36 2527.61 2531.43 2535.78 2539.86 2542.87 2544.58 2545.18 2545.34 2545.63 2546.30 2547.45 2549.28 2552.45 2558.24 2568.45 2580.49 2590.03 2596.85 2604.42 2614.56 2623.46 2630.55 2638.53 2648.98 2661.41 2674.52 2684.82 2691.35 2695.80 2700.01 2705.44 2711.61 2717.19 2721.26 2724.12 2725.84 2726.66 2727.18 2727.90 2729.22 2731.50 2734.84 2738.77 2742.40 2745.04 2746.92 2748.31
2498.48 2500.57 2501.95 2501.68 2499.97 2498.44 2498.69 2501.20 2504.92 2507.95 2508.85 2509.43 2511.45 2513.57 2517.28 2522.10 2525.82 2528.88 2531.85 2535.16 2538.98 2543.12 2547.07 2550.18 2552.12 2553.09 2553.04 2552.46 2552.06 2552.11 2553.12 2556.09 2562.12 2572.13 2583.47 2592.70 2599.48 2606.11 2614.84 2623.03 2629.96 2637.83 2648.50 2661.64 2675.04 2685.35 2691.83 2696.19 2700.06 2704.41 2709.37 2714.06 2717.89 2720.77 2722.19 2722.58 2722.70 2723.07 2724.09 2726.12 2729.45 2734.07 2738.91 2742.75 2745.83 2748.48
2505.33 2507.22 2508.50 2508.61 2507.91 2507.61 2508.78 2511.63 2515.38 2518.08 2517.77 2518.55 2521.63 2522.06 2524.28 2528.88 2532.87 2536.24 2539.38 2542.67 2546.30 2550.10 2553.87 2557.01 2558.89 2559.94 2559.69 2558.55 2557.49 2556.63 2556.51 2558.54 2564.20 2573.68 2584.69 2594.67 2602.36 2608.67 2615.69 2622.95 2630.21 2638.76 2650.00 2663.53 2676.77 2686.27 2692.10 2696.02 2699.26 2702.83 2706.81 2710.59 2713.83 2716.19 2717.27 2717.47 2717.43 2717.64 2718.41 2720.04 2723.04 2727.99 2733.73 2738.92 2743.47 2747.61
2512.86 2514.30 2515.41 2515.75 2515.71 2516.14 2517.76 2520.48 2523.56 2525.45 2525.10 2526.09 2529.05 2530.60 2532.83 2536.48 2540.17 2543.61 2546.90 2550.04 2553.16 2556.31 2559.50 2562.33 2564.03 2564.79 2564.47 2563.33 2561.99 2560.55 2559.16 2559.11 2564.48 2574.45 2585.08 2594.75 2602.85 2609.80 2616.66 2623.71 2631.24 2640.30 2651.78 2664.95 2677.37 2686.14 2691.66 2695.41 2698.29 2701.17 2704.13 2706.80 2709.02 2710.62 2711.43 2711.66 2711.80 2712.19 2713.01 2714.51 2717.34 2722.27 2728.38 2734.43 2740.19 2745.77
2520.39 2521.51 2522.58 2523.17 2523.59 2524.41 2526.02 2528.21 2530.43 2532.15 2533.36 2535.20 2537.78 2540.04 2542.33 2544.98 2547.82 2550.88 2554.12 2556.88 2559.25 2561.60 2563.97 2566.14 2567.58 2568.17 2567.89 2566.95 2565.67 2564.22 2562.70 2562.44 2567.92 2577.21 2586.11 2594.40 2602.39 2610.23 2617.88 2625.33 2633.08 2642.23 2653.47 2665.69 2676.60 2684.91 2690.76 2694.65 2697.37 2699.60 2701.50 2702.97 2704.12 2705.01 2705.55 2705.83 2706.28 2707.13 2708.30 2710.00 2712.95 2717.65 2723.58 2729.93 2736.41 2743.04
2527.45 2528.58 2529.80 2530.78 2531.66 2532.74 2534.20 2535.94 2537.76 2539.91 2542.51 2545.17 2547.68 2549.96 2552.00 2553.79 2555.59 2557.77 2560.47 2562.72 2564.36 2565.97 2567.62 2569.12 2570.22 2570.72 2570.60 2569.99 2569.15 2568.43 2568.41 2570.52 2576.04 2582.49 2588.26 2594.47 2602.05 2610.93 2619.75 2627.86 2635.97 2645.16 2656.07 2667.83 2677.60 2684.92 2690.44 2694.07 2696.40 2697.96 2698.96 2699.47 2699.77 2700.08 2700.35 2700.62 2701.36 2702.76 2704.27 2706.04 2709.04 2713.57 2719.27 2725.65 2732.43 2739.54
2533.87 2535.46 2537.06 2538.51 2539.85 2541.20 2542.68 2544.32 2546.30 2548.98 2552.30 2555.34 2557.65 2559.76 2561.52 2562.64 2563.48 2564.62 2566.18 2567.60 2568.64 2569.63 2570.67 2571.66 2572.46 2572.95 2573.08 2572.93 2572.76 2573.07 2574.69 2578.40 2583.35 2587.56 2591.01 2595.37 2602.57 2612.44 2622.34 2631.14 2639.75 2649.16 2660.21 2672.16 2681.43 2687.10 2691.09 2693.77 2695.40 2696.27 2696.61 2696.56 2696.36 2696.22 2696.22 2696.48 2697.35 2698.93 2700.46 2702.10 2705.18 2709.70 2715.33 2721.72 2728.57 2735.69
2539.98 2542.22 2544.28 2546.22 2548.06 2549.82 2551.53 2553.31 2555.53 2558.48 2561.81 2564.64 2566.66 2568.70 2570.53 2571.28 2571.41 2571.62 2572.00 2572.31 2572.59 2573.01 2573.54 2574.11 2574.70 2575.26 2575.71 2576.04 2576.50 2577.63 2580.13 2584.23 2588.66 2592.11 2594.72 2598.26 2605.32 2615.23 2625.33 2634.82 2644.08 2653.87 2665.11 2676.56 2684.66 2689.06 2691.66 2693.30 2694.19 2694.51 2694.43 2694.07 2693.57 2693.12 2692.89 2693.05 2693.77 2695.00 2696.32 2698.06 2701.27 2705.94 2711.76 2718.41 2725.43 2732.53
2546.31 2548.97 2551.35 2553.73 2556.14 2558.47 2560.65 2562.70 2565.00 2567.81 2570.64 2572.86 2574.41 2576.21 2578.51 2579.41 2579.22 2578.78 2578.15 2577.32 2576.75 2576.62 2576.67 2576.83 2577.22 2577.86 2578.61 2579.35 2580.30 2582.01 2584.99 2589.18 2593.56 2597.18 2600.07 2603.94 2610.86 2619.79 2628.96 2638.57 2648.52 2658.59 2669.31 2679.22 2685.74 2689.24 2691.11 2692.07 2692.46 2692.46 2692.19 2691.68 2691.01 2690.32 2689.86 2689.82 2690.23 2690.98 2692.01 2693.79 2697.10 2702.10 2708.50 2715.81 2723.30 2730.58
2552.88 2555.53 2558.01 2560.76 2563.79 2566.86 2569.74 2572.29 2574.63 2577.07 2579.26 2580.82 2581.85 2583.13 2585.45 2586.99 2587.08 2586.28 2584.81 2583.01 2581.63 2580.89 2580.41 2580.14 2580.28 2580.89 2581.74 2582.72 2584.01 2586.08 2589.32 2593.71 2598.35 2602.40 2606.15 2610.84 2617.55 2625.46 2633.59 2642.84 2653.22 2662.78 2671.70 2679.33 2684.53 2687.57 2689.14 2689.78 2689.94 2689.87 2689.63 2689.16 2688.41 2687.48 2686.78 2686.56 2686.73 2687.13 2687.77 2689.21 2692.51 2698.03 2705.41 2713.85 2722.05 2729.42
2558.80 2561.25 2563.81 2566.88 2570.50 2574.39 2578.22 2581.65 2584.34 2586.32 2587.73 2588.72 2589.57 2590.82 2592.77 2594.36 2594.71 2593.76 2591.64 2589.20 2587.23 2585.87 2584.89 2584.23 2584.07 2584.44 2585.18 2586.21 2587.65 2589.80 2593.03 2597.52 2602.57 2607.26 2611.94 2617.39 2624.06 2631.56 2639.54 2648.49 2658.07 2666.06 2672.58 2677.91 2681.87 2684.63 2686.00 2686.40 2686.50 2686.54 2686.51 2686.27 2685.57 2684.37 2683.39 2683.12 2683.22 2683.45 2683.74 2684.55 2687.82 2694.21 2702.83 2712.44 2721.35 2728.63
2562.37 2565.16 2567.99 2571.38 2575.48 2580.16 2585.07 2589.78 2593.29 2594.73 2595.32 2595.89 2596.66 2597.91 2599.58 2600.92 2601.23 2600.19 2597.76 2595.06 2592.86 2591.16 2589.81 2588.83 2588.36 2588.44 2589.00 2589.99 2591.46 2593.56 2596.58 2601.00 2606.45 2611.91 2617.38 2623.40 2630.19 2637.59 2645.43 2653.51 2661.12 2667.35 2672.10 2675.80 2678.77 2681.11 2682.02 2682.04 2682.12 2682.33 2682.57 2682.69 2682.29 2680.91 2679.64 2679.34 2679.43 2679.72 2679.99 2680.37 2683.84 2691.23 2700.69 2710.82 2720.14 2727.53
2563.41 2566.77 2570.04 2573.71 2578.09 2583.28 2589.08 2594.88 2599.27 2600.69 2600.97 2601.40 2602.19 2603.40 2604.80 2605.84 2605.98 2604.89 2602.65 2600.13 2598.05 2596.31 2594.73 2593.51 2592.82 2592.71 2593.16 2594.15 2595.71 2597.90 2600.97 2605.38 2610.94 2616.80 2622.73 2628.98 2635.69 2642.76 2650.06 2657.09 2662.78 2667.10 2670.44 2673.05 2675.20 2676.78 2677.19 2676.98 2676.96 2677.20 2677.56 2677.92 2677.84 2676.74 2675.55 2675.09 2675.16 2675.63 2676.37 2677.69 2681.73 2689.10 2698.30 2708.19 2717.68 2725.65
2562.53 2566.40 2570.03 2573.86 2578.24 2583.50 2589.71 2596.19 2601.13 2603.18 2603.86 2604.59 2605.66 2607.02 2608.37 2609.27 2609.33 2608.36 2606.53 2604.42 2602.52 2600.83 2599.21 2597.94 2597.21 2597.08 2597.57 2598.70 2600.49 2602.96 2606.30 2610.76 2616.18 2622.04 2628.00 2634.07 2640.29 2646.58 2652.78 2658.36 2662.57 2665.54 2667.76 2669.47 2670.80 2671.62 2671.73 2671.46 2671.29 2671.36 2671.63 2671.97 2672.02 2671.48 2670.76 2670.40 2670.58 2671.48 2673.29 2676.31 2681.13 2687.86 2695.93 2705.04 2714.71 2723.42
2560.25 2564.51 2568.38 2572.21 2576.32 2581.14 2587.02 2593.72 2599.22 2602.00 2603.62 2605.20 2606.99 2608.85 2610.47 2611.51 2611.70 2610.99 2609.56 2607.80 2606.08 2604.49 2603.05 2601.95 2601.38 2601.42 2602.14 2603.59 2605.73 2608.53 2612.08 2616.50 2621.75 2627.35 2632.96 2638.46 2643.83 2649.00 2653.80 2657.85 2660.87 2662.91 2664.31 2665.35 2666.05 2666.37 2666.23 2665.87 2665.61 2665.42 2665.42 2665.63 2665.76 2665.63 2665.39 2665.36 2665.84 2667.41 2670.67 2675.54 2681.32 2687.48 2694.11 2701.96 2711.55 2720.70
2557.03 2561.58 2565.64 2569.43 2573.17 2577.17 2581.95 2587.97 2593.62 2597.57 2600.63 2603.54 2606.44 2609.15 2611.35 2612.76 2613.24 2612.84 2611.75 2610.30 2608.80 2607.44 2606.32 2605.57 2605.31 2605.67 2606.77 2608.65 2611.21 2614.34 2618.02 2622.37 2627.30 2632.40 2637.33 2641.95 2646.23 2650.16 2653.64 2656.48 2658.52 2659.78 2660.61 2661.21 2661.56 2661.65 2661.35 2660.93 2660.63 2660.20 2659.85 2659.76 2659.70 2659.61 2659.64 2660.06 2661.06 2663.38 2668.18 2675.14 2682.02 2687.89 2693.52 2700.11 2708.41 2716.59
2553.31 2558.13 2562.41 2566.23 2569.73 2573.08 2576.84 2581.74 2586.91 2591.55 2595.94 2600.31 2604.56 2608.37 2611.39 2613.35 2614.21 2614.12 2613.30 2612.11 2610.89 2609.88 2609.18 2608.87 2609.01 2609.76 2611.31 2613.71 2616.73 2620.13 2623.89 2628.07 2632.51 2636.85 2640.82 2644.31 2647.37 2650.03 2652.35 2654.25 2655.63 2656.51 2657.09 2657.50 2657.75 2657.84 2657.62 2657.28 2656.91 2656.32 2655.61 2654.94 2654.25 2653.69 2653.64 2654.57 2656.68 2660.07 2666.27 2674.87 2682.54 2688.36 2693.66 2699.36 2705.28 2711.20
2549.64 2554.69 2559.18 2563.13 2566.61 2569.71 2572.86 2576.55 2580.68 2585.30 2590.60 2596.29 2601.95 2607.02 2611.01 2613.67 2614.98 2615.15 2614.51 2613.53 2612.62 2612.03 2611.85 2612.07 2612.66 2613.75 2615.72 2618.65 2622.08 2625.64 2629.32 2633.18 2637.00 2640.35 2643.07 2645.25 2647.00 2648.44 2649.77 2651.02 2652.07 2652.90 2653.56 2654.08 2654.48 2654.75 2654.81 2654.67 2654.29 2653.58 2652.51 2651.16 2649.63 2648.25 2647.77 2649.18 2652.99 2658.70 2665.93 2674.46 2682.02 2687.70 2692.62 2697.27 2701.08 2704.79
2546.45 2551.55 2556.15 2560.26 2563.87 2566.89 2569.56 2572.30 2575.52 2579.77 2585.40 2592.02 2599.01 2605.40 2610.51 2614.03 2615.85 2616.21 2615.66 2614.85 2614.26 2614.14 2614.58 2615.42 2616.50 2617.88 2620.15 2623.46 2627.12 2630.70 2634.07 2637.36 2640.35 2642.33 2643.41 2644.18 2644.69 2645.02 2645.59 2646.50 2647.55 2648.59 2649.57 2650.44 2651.17 2651.78 2652.23 2652.43 2652.21 2651.44 2650.09 2648.21 2645.95 2643.71 2642.56 2644.10 2649.32 2656.99 2665.20 2673.17 2679.99 2685.32 2689.77 2693.44 2696.10 2698.62
2543.86 2548.71 2553.15 2557.30 2561.11 2564.23 2566.57 2568.68 2571.35 2575.21 2580.64 2587.72 2595.83 2603.57 2609.96 2614.54 2616.98 2617.46 2616.92 2616.32 2616.11 2616.47 2617.56 2619.09 2620.67 2622.35 2624.71 2627.94 2631.53 2635.07 2638.26 2640.57 2641.80 2641.57 2640.58 2640.05 2639.72 2639.32 2639.46 2640.37 2641.75 2643.27 2644.78 2646.13 2647.27 2648.29 2649.24 2649.93 2650.03 2649.32 2647.83 2645.72 2643.16 2640.58 2639.11 2640.55 2646.54 2655.14 2663.59 2670.78 2676.67 2681.58 2685.74 2689.08 2691.60 2693.95
2541.56 2545.89 2549.79 2553.66 2557.63 2561.14 2563.35 2565.14 2567.62 2571.25 2576.44 2583.73 2592.64 2601.52 2609.21 2615.04 2618.31 2618.86 2618.38 2618.22 2618.55 2619.40 2620.98 2622.96 2624.74 2626.39 2628.36 2631.03 2634.35 2638.02 2641.62 2641.73 2638.82 2635.65 2633.16 2632.11 2631.74 2631.35 2631.40 2632.55 2634.57 2636.80 2638.88 2640.70 2642.21 2643.67 2645.19 2646.51 2647.09 2646.48 2644.89 2642.84 2640.47 2638.48 2638.02 2640.24 2646.06 2653.97 2661.54 2667.54 2672.43 2676.89 2680.94 2684.45 2687.33 2689.67
2539.14 2542.74 2545.73 2548.95 2552.87 2556.72 2559.26 2561.35 2564.05 2567.72 2573.05 2580.53 2589.78 2599.32 2607.85 2614.68 2619.06 2620.18 2620.29 2620.95 2621.84 2623.01 2624.55 2626.27 2627.68 2628.63 2629.49 2630.90 2633.49 2637.55 2639.52 2634.43 2627.43 2623.07 2621.46 2621.57 2622.16 2622.27 2622.34 2623.74 2626.41 2629.25 2631.67 2633.74 2635.59 2637.48 2639.51 2641.47 2642.59 2642.03 2640.27 2638.22 2636.44 2636.00 2637.73 2641.39 2646.58 2652.69 2658.52 2662.99 2666.88 2671.11 2675.17 2679.04 2682.56 2685.00
