2_day/4_ps/nat_haz/data/elev.asc
NCOLS 367
NROWS 415
XLLCORNER 712367.500000
YLLCORNER 9557227.500000
CELLSIZE 10.000000
NODATA_VALUE -99999.000000
[rows 145 to 173 of 415, columns 198 to 263 of 367]
2197.64 2194.68 2190.97 2186.80 2182.75 2178.64 2172.48 2165.33 2159.24 2152.72 2146.20 2141.49 2138.99 2139.58 2146.22 2156.82 2166.27 2173.92 2181.98 2191.06 2196.44 2196.20 2194.24 2189.43 2185.69 2184.66 2184.52 2184.45 2184.94 2185.59 2184.97 2182.72 2181.90 2185.49 2190.01 2193.43 2196.63 2199.24 2203.28 2209.75 2217.35 2224.38 2230.08 2234.86 2239.05 2242.84 2246.38 2249.67 2252.68 2255.40 2257.80 2259.72 2261.08 2262.10 2263.33 2264.92 2266.33 2266.85 2266.07 2264.14 2261.36 2257.71 2253.14 2247.95 2242.60 2237.68
2191.70 2188.76 2185.46 2182.08 2178.76 2175.13 2170.06 2163.69 2157.82 2152.42 2147.03 2142.68 2139.77 2139.54 2145.37 2155.90 2165.81 2173.86 2182.38 2192.38 2200.12 2206.20 2207.48 2201.02 2196.92 2196.70 2196.88 2196.24 2195.71 2195.00 2193.24 2189.79 2186.96 2187.24 2188.83 2190.02 2191.67 2193.58 2198.02 2204.90 2212.76 2219.95 2225.90 2231.08 2235.73 2239.94 2243.86 2247.56 2250.91 2253.85 2256.41 2258.60 2260.46 2262.06 2263.90 2266.26 2268.55 2269.81 2269.56 2267.90 2265.14 2261.42 2256.91 2252.02 2247.22 2242.89
2185.70 2183.12 2180.40 2177.98 2175.76 2173.01 2168.97 2163.72 2158.32 2152.97 2147.70 2143.26 2140.13 2139.63 2144.69 2154.55 2164.70 2173.03 2180.63 2188.44 2197.55 2213.72 2222.88 2218.52 2212.34 2209.55 2208.78 2207.65 2206.17 2204.27 2201.40 2197.50 2194.92 2193.53 2192.85 2190.84 2190.02 2191.55 2195.62 2201.80 2208.69 2215.28 2221.36 2227.02 2232.22 2236.85 2241.08 2245.09 2248.61 2251.59 2254.18 2256.50 2258.63 2260.66 2263.27 2266.91 2270.71 2273.12 2273.41 2272.01 2269.32 2265.54 2261.04 2256.42 2252.16 2248.38
2180.77 2178.77 2176.87 2175.74 2174.92 2173.42 2170.56 2166.37 2161.17 2155.18 2149.32 2144.29 2140.41 2139.05 2143.67 2153.78 2164.66 2173.73 2180.88 2187.45 2197.32 2215.82 2232.74 2234.69 2227.89 2222.55 2220.36 2218.53 2216.18 2213.54 2209.95 2206.39 2204.82 2203.56 2202.70 2200.56 2196.67 2194.81 2196.17 2200.30 2205.36 2210.78 2216.71 2222.91 2228.77 2233.88 2238.41 2242.53 2245.99 2248.81 2251.29 2253.55 2255.70 2258.03 2261.44 2266.72 2272.58 2276.45 2277.12 2276.06 2273.62 2269.97 2265.65 2261.34 2257.45 2254.05
2178.22 2176.87 2175.90 2176.36 2177.26 2177.03 2175.08 2171.45 2166.11 2159.47 2152.89 2147.21 2142.76 2140.68 2144.97 2155.41 2166.70 2176.40 2183.81 2190.36 2199.91 2215.89 2233.99 2241.55 2238.40 2234.06 2231.44 2229.19 2226.73 2224.25 2221.28 2218.20 2216.05 2214.58 2213.32 2210.67 2205.13 2199.56 2197.25 2198.79 2202.15 2206.38 2212.13 2218.99 2225.54 2231.00 2235.67 2239.79 2243.02 2245.61 2248.00 2250.24 2252.43 2255.02 2259.12 2265.73 2273.50 2279.01 2280.23 2279.74 2277.73 2274.42 2270.51 2266.57 2262.97 2259.82
2180.22 2179.42 2179.31 2181.35 2183.67 2184.19 2182.62 2179.17 2173.85 2166.77 2159.09 2152.99 2148.88 2147.00 2150.16 2158.68 2169.26 2179.51 2187.65 2194.26 2202.04 2212.65 2226.31 2238.27 2241.60 2240.78 2239.60 2238.21 2236.76 2235.31 2233.27 2230.42 2227.64 2225.24 2222.60 2218.34 2211.61 2203.90 2198.61 2197.76 2199.45 2202.38 2207.97 2215.46 2222.47 2227.88 2232.42 2236.40 2239.52 2242.12 2244.67 2247.03 2249.35 2252.24 2256.76 2263.94 2272.81 2279.80 2282.58 2282.80 2281.31 2278.53 2275.13 2271.65 2268.43 2265.57
2187.65 2187.65 2188.73 2191.42 2193.60 2193.82 2192.06 2188.55 2183.15 2175.72 2167.24 2160.88 2156.95 2154.63 2155.39 2160.29 2169.49 2180.93 2190.58 2197.85 2204.34 2211.59 2221.03 2232.74 2239.91 2242.25 2243.30 2243.92 2244.17 2244.06 2243.10 2240.91 2238.13 2235.06 2231.40 2226.30 2219.08 2210.54 2203.33 2200.02 2199.66 2201.01 2205.66 2212.50 2219.04 2224.24 2228.72 2232.66 2235.94 2238.86 2241.68 2244.22 2246.67 2249.75 2254.42 2261.71 2271.05 2279.21 2283.68 2284.97 2284.19 2282.08 2279.28 2276.36 2273.60 2271.10
2198.17 2199.03 2200.77 2202.86 2203.70 2202.89 2200.61 2196.84 2190.79 2183.12 2174.83 2168.18 2163.57 2160.11 2158.03 2158.86 2165.52 2177.85 2190.06 2199.37 2206.26 2214.62 2222.71 2230.75 2237.31 2240.98 2244.13 2246.75 2248.48 2249.50 2249.65 2248.68 2246.68 2243.78 2240.01 2235.09 2228.46 2220.36 2212.55 2207.13 2204.46 2204.09 2206.43 2210.87 2215.90 2220.69 2225.21 2229.28 2232.82 2236.06 2239.11 2241.83 2244.38 2247.57 2252.40 2259.61 2269.00 2278.01 2283.82 2286.20 2286.31 2285.03 2282.98 2280.67 2278.39 2276.31
2208.64 2209.94 2211.22 2211.76 2211.12 2209.13 2205.91 2201.26 2195.03 2188.02 2180.39 2173.77 2168.19 2162.64 2158.27 2156.66 2160.48 2171.21 2184.15 2194.37 2202.84 2214.59 2222.98 2229.10 2235.90 2240.88 2244.75 2247.87 2250.22 2252.08 2253.42 2253.92 2253.21 2251.16 2248.02 2243.91 2238.50 2231.28 2223.41 2216.74 2212.20 2209.83 2209.44 2210.97 2214.12 2218.26 2222.64 2226.70 2230.31 2233.64 2236.79 2239.67 2242.30 2245.71 2250.73 2257.81 2267.13 2276.62 2283.22 2286.51 2287.61 2287.31 2286.18 2284.61 2282.88 2281.20
2216.93 2217.92 2218.23 2217.35 2215.57 2212.67 2208.46 2202.99 2197.59 2192.50 2186.46 2180.25 2172.68 2163.84 2158.04 2156.19 2157.94 2164.09 2174.26 2184.93 2195.43 2207.14 2216.12 2224.29 2233.80 2241.17 2244.73 2247.08 2249.41 2251.91 2254.47 2256.68 2257.63 2256.74 2254.53 2251.36 2247.09 2240.95 2233.55 2226.49 2220.87 2216.80 2213.73 2212.36 2213.74 2217.25 2221.35 2225.09 2228.52 2231.76 2234.83 2237.64 2240.44 2244.34 2249.79 2256.93 2265.77 2274.77 2281.71 2285.92 2288.06 2288.87 2288.80 2288.13 2287.05 2285.72
2222.23 2221.43 2220.49 2219.36 2217.48 2214.38 2210.09 2205.18 2201.10 2197.86 2193.84 2187.80 2176.85 2163.33 2157.32 2157.38 2157.69 2158.82 2165.33 2176.56 2187.77 2197.77 2207.04 2217.11 2228.17 2236.98 2240.85 2243.16 2245.69 2248.79 2252.56 2256.55 2259.49 2260.15 2259.02 2256.82 2253.74 2248.97 2242.57 2235.67 2229.47 2224.09 2218.83 2214.95 2214.77 2217.62 2221.22 2224.43 2227.55 2230.64 2233.64 2236.53 2239.68 2243.93 2249.55 2256.53 2264.64 2272.87 2279.78 2284.62 2287.72 2289.66 2290.74 2291.10 2290.78 2289.81
2225.17 2222.24 2220.11 2219.26 2217.71 2214.73 2210.89 2207.05 2204.12 2202.05 2199.49 2192.16 2177.30 2161.89 2157.22 2159.82 2160.30 2159.77 2164.20 2173.03 2182.30 2190.49 2199.20 2208.99 2219.31 2227.87 2232.91 2236.15 2239.27 2242.96 2247.69 2253.15 2258.08 2260.92 2261.34 2260.61 2259.10 2255.96 2250.88 2244.56 2238.12 2232.03 2226.28 2221.01 2218.78 2219.59 2221.94 2224.72 2227.54 2230.45 2233.47 2236.60 2240.06 2244.32 2249.70 2256.21 2263.54 2270.98 2277.57 2282.74 2286.68 2289.69 2291.95 2293.46 2294.03 2293.53
2226.59 2222.90 2220.35 2219.17 2216.94 2213.50 2209.77 2206.43 2203.85 2202.11 2199.71 2190.28 2172.66 2159.67 2158.25 2163.76 2166.71 2167.06 2169.20 2173.52 2178.85 2185.12 2193.25 2201.84 2210.80 2218.68 2224.02 2227.76 2231.46 2235.60 2240.72 2246.81 2252.99 2257.87 2260.77 2262.48 2262.93 2261.58 2258.18 2253.13 2247.24 2241.57 2237.32 2232.19 2227.29 2225.07 2225.08 2226.55 2228.66 2231.19 2234.08 2237.33 2240.83 2244.86 2249.94 2255.98 2262.57 2269.18 2275.25 2280.54 2285.11 2289.04 2292.39 2295.11 2296.81 2296.97
2226.31 2223.00 2220.56 2218.18 2214.25 2209.86 2205.77 2202.26 2199.21 2196.83 2193.64 2184.56 2169.08 2159.12 2161.27 2169.82 2175.44 2176.68 2176.19 2176.20 2177.44 2181.15 2188.80 2196.98 2205.01 2212.15 2216.98 2220.45 2224.12 2228.10 2232.70 2238.29 2244.66 2250.96 2256.64 2261.44 2264.25 2264.79 2263.52 2260.59 2256.20 2251.10 2246.84 2241.90 2236.49 2232.52 2230.15 2229.75 2230.83 2232.72 2235.07 2237.94 2241.17 2245.04 2250.08 2255.87 2261.83 2267.60 2273.11 2278.33 2283.25 2287.78 2291.92 2295.69 2298.65 2299.82
2223.35 2220.16 2216.86 2212.93 2208.08 2203.20 2198.67 2194.64 2190.88 2187.97 2185.20 2177.87 2166.90 2161.38 2165.58 2174.85 2181.90 2184.07 2182.50 2180.25 2178.67 2178.73 2183.26 2192.29 2201.48 2208.39 2212.73 2215.63 2218.32 2221.16 2224.41 2228.63 2234.49 2241.61 2249.19 2256.63 2261.96 2264.93 2266.47 2266.32 2263.72 2258.54 2252.63 2247.29 2242.71 2238.52 2234.86 2233.36 2233.83 2235.03 2236.35 2238.00 2240.61 2244.82 2250.27 2256.00 2261.35 2266.27 2271.14 2276.22 2281.36 2286.14 2290.56 2294.82 2298.58 2301.33
2217.54 2213.70 2209.38 2204.42 2199.09 2194.13 2189.82 2185.95 2182.15 2179.18 2177.04 2172.27 2166.37 2165.11 2170.30 2179.12 2186.71 2189.81 2188.33 2185.58 2182.59 2179.70 2180.90 2189.16 2198.99 2205.95 2210.11 2212.23 2213.68 2215.15 2216.89 2219.52 2224.50 2231.71 2239.76 2248.26 2255.80 2261.96 2267.11 2270.48 2270.46 2265.72 2257.97 2251.19 2246.54 2242.54 2238.82 2237.21 2237.77 2238.43 2238.60 2238.83 2240.89 2245.34 2251.10 2256.74 2261.32 2265.22 2269.37 2274.25 2279.57 2284.34 2288.90 2293.40 2297.54 2301.95
2210.50 2206.17 2201.45 2196.04 2190.17 2185.29 2182.15 2179.51 2176.71 2174.18 2172.23 2169.98 2167.61 2168.61 2174.48 2183.05 2191.15 2195.83 2195.14 2191.89 2188.09 2184.00 2183.35 2188.74 2196.73 2203.76 2207.56 2208.59 2209.27 2210.05 2210.96 2212.77 2216.86 2223.31 2231.03 2239.40 2248.01 2256.97 2265.84 2273.32 2277.12 2274.73 2265.76 2256.62 2251.43 2247.59 2244.21 2242.68 2243.01 2243.15 2242.59 2242.05 2243.53 2247.37 2252.79 2258.28 2261.92 2264.76 2268.14 2272.55 2277.70 2282.92 2288.23 2293.37 2298.37 2304.16
2204.49 2200.55 2196.34 2191.10 2185.20 2180.76 2179.02 2177.57 2175.58 2173.30 2171.09 2169.59 2168.91 2171.23 2177.62 2185.85 2193.74 2199.12 2199.65 2196.45 2192.45 2188.48 2186.47 2188.42 2193.63 2199.70 2202.40 2202.70 2204.24 2205.49 2206.31 2207.76 2211.02 2216.58 2223.94 2232.03 2240.88 2251.50 2263.05 2273.89 2281.21 2282.14 2275.16 2265.60 2259.35 2255.31 2252.34 2250.66 2250.06 2249.58 2248.76 2248.06 2248.55 2250.76 2254.70 2259.58 2263.12 2265.76 2268.81 2272.96 2278.34 2284.39 2290.27 2296.01 2302.09 2308.72
2201.22 2198.61 2195.24 2191.19 2186.96 2183.88 2182.32 2180.65 2178.54 2176.05 2172.93 2170.22 2169.81 2173.14 2179.74 2187.35 2194.47 2199.77 2201.96 2200.08 2195.99 2191.36 2188.06 2187.48 2188.98 2191.65 2192.85 2194.68 2198.62 2201.17 2202.24 2203.29 2205.62 2210.35 2217.70 2226.13 2235.23 2246.34 2259.04 2271.55 2281.20 2285.08 2281.80 2274.61 2268.41 2264.39 2261.86 2260.17 2258.90 2257.89 2256.88 2255.91 2255.38 2255.97 2258.48 2262.72 2266.96 2270.44 2273.87 2278.31 2284.50 2290.77 2296.14 2301.67 2308.02 2314.44
2199.70 2198.82 2197.10 2195.10 2193.43 2192.16 2190.17 2187.30 2184.33 2181.13 2176.22 2170.62 2169.97 2174.19 2180.84 2188.12 2195.36 2202.21 2207.32 2207.48 2201.58 2194.07 2189.82 2188.55 2188.63 2189.19 2189.04 2190.52 2194.39 2197.63 2198.78 2199.01 2200.02 2203.62 2210.60 2219.61 2229.64 2241.13 2254.13 2267.45 2278.96 2285.21 2285.12 2280.93 2276.09 2272.87 2271.24 2270.07 2268.69 2267.36 2266.09 2264.69 2263.39 2263.58 2267.60 2273.34 2277.54 2281.69 2285.95 2290.36 2296.21 2301.36 2305.34 2310.13 2315.82 2321.16
2200.60 2201.02 2200.92 2200.65 2200.75 2200.65 2198.38 2194.51 2190.47 2185.92 2179.05 2171.39 2170.49 2175.28 2181.80 2188.68 2196.31 2205.08 2213.68 2216.94 2210.41 2201.10 2196.24 2193.94 2193.76 2194.30 2193.15 2192.07 2194.05 2196.83 2197.57 2196.47 2195.71 2197.53 2203.14 2212.57 2224.12 2236.19 2249.10 2262.19 2274.56 2283.01 2286.02 2284.82 2281.86 2279.69 2278.98 2278.51 2277.35 2276.14 2274.99 2273.63 2272.58 2273.47 2280.61 2289.28 2294.22 2298.75 2302.76 2306.03 2310.25 2313.61 2316.08 2319.98 2324.34 2328.16
2205.47 2206.02 2206.28 2206.46 2206.79 2206.54 2204.31 2200.29 2195.28 2188.97 2180.26 2171.95 2171.66 2177.17 2183.25 2189.17 2196.44 2206.21 2216.68 2222.98 2221.41 2216.07 2211.25 2206.86 2204.92 2204.09 2201.09 2197.33 2196.91 2199.22 2200.74 2200.27 2198.58 2197.53 2200.51 2208.61 2219.19 2230.70 2243.52 2255.22 2267.11 2277.17 2283.18 2285.43 2285.07 2283.75 2283.29 2283.23 2282.63 2281.97 2281.55 2281.49 2282.87 2286.93 2295.91 2304.37 2309.53 2313.95 2317.09 2319.30 2322.66 2325.79 2327.80 2330.34 2332.85 2335.01
2212.67 2212.78 2212.37 2211.96 2211.73 2211.00 2208.78 2204.67 2198.89 2191.59 2182.52 2173.69 2173.45 2179.11 2184.79 2190.03 2196.68 2206.95 2218.79 2227.52 2231.84 2232.95 2230.67 2225.62 2220.81 2216.97 2211.55 2203.98 2199.25 2201.59 2207.10 2212.36 2213.35 2210.45 2210.01 2212.74 2217.09 2224.98 2236.50 2245.85 2256.29 2266.61 2274.70 2280.64 2283.05 2282.68 2283.16 2283.96 2284.08 2283.96 2284.39 2286.16 2290.29 2297.19 2305.19 2311.68 2316.52 2320.57 2323.68 2326.57 2330.57 2335.05 2337.80 2339.22 2340.37 2341.50
2219.60 2219.52 2218.42 2217.28 2216.45 2215.33 2212.95 2208.36 2201.67 2193.58 2184.87 2177.57 2176.58 2180.97 2186.58 2192.33 2199.36 2209.54 2221.33 2231.19 2238.70 2243.83 2244.76 2241.03 2235.65 2230.76 2224.29 2213.03 2202.67 2204.50 2212.51 2221.61 2227.10 2228.03 2227.82 2224.95 2223.34 2227.45 2235.63 2240.23 2246.24 2254.86 2262.50 2268.96 2272.98 2275.68 2279.13 2281.71 2282.57 2282.84 2283.85 2286.65 2291.72 2298.40 2305.11 2310.65 2315.21 2319.21 2323.22 2327.71 2332.92 2338.11 2341.84 2344.10 2345.62 2346.89
2224.60 2225.01 2224.22 2223.05 2221.92 2220.36 2217.47 2211.83 2203.88 2194.65 2185.72 2179.72 2179.15 2183.26 2189.38 2196.16 2203.93 2213.29 2223.63 2233.14 2241.48 2248.25 2251.38 2250.35 2247.03 2243.09 2236.99 2225.92 2215.47 2214.56 2219.45 2226.34 2233.21 2238.80 2241.33 2237.38 2233.74 2235.21 2239.63 2240.54 2242.39 2247.71 2253.15 2257.71 2261.77 2267.65 2273.66 2277.63 2279.27 2279.93 2281.12 2284.16 2289.30 2295.32 2300.78 2305.70 2310.68 2315.24 2319.89 2325.59 2331.85 2337.42 2342.17 2346.08 2348.79 2350.78
2228.38 2229.81 2229.92 2229.38 2228.33 2226.13 2221.98 2215.04 2205.78 2195.27 2185.55 2179.82 2180.03 2185.19 2192.81 2200.80 2209.13 2217.91 2226.96 2235.44 2243.41 2250.41 2254.67 2255.84 2254.94 2252.28 2246.90 2238.81 2232.01 2229.58 2230.68 2233.42 2238.21 2244.58 2248.31 2246.17 2241.72 2239.23 2240.52 2242.17 2243.69 2246.61 2250.39 2254.56 2259.24 2264.39 2269.62 2273.59 2275.78 2276.87 2278.20 2281.21 2286.25 2291.74 2296.53 2301.32 2306.67 2311.79 2317.09 2323.54 2330.69 2337.26 2342.86 2347.43 2350.88 2353.43
2232.16 2234.74 2235.61 2235.68 2234.88 2231.73 2226.08 2218.00 2207.73 2196.15 2185.40 2179.41 2180.15 2186.23 2195.25 2204.37 2213.68 2223.20 2231.78 2239.02 2245.94 2252.27 2256.74 2259.10 2259.87 2258.27 2253.38 2247.67 2243.79 2241.69 2241.16 2241.72 2245.50 2251.75 2255.86 2254.39 2249.37 2244.62 2244.10 2246.19 2247.84 2249.46 2251.97 2255.53 2259.57 2263.59 2267.67 2271.15 2273.52 2275.02 2276.76 2280.05 2284.98 2290.24 2295.05 2299.85 2304.98 2310.31 2316.15 2323.08 2330.74 2337.99 2344.05 2348.84 2352.51 2355.25
2236.72 2240.20 2241.61 2241.92 2240.82 2236.51 2229.61 2220.66 2209.69 2197.52 2186.32 2180.17 2180.59 2185.88 2193.96 2203.11 2214.04 2225.61 2235.66 2242.59 2248.13 2253.59 2258.12 2261.23 2262.89 2262.00 2257.65 2253.56 2251.43 2249.12 2248.06 2249.43 2253.82 2260.19 2264.73 2263.88 2259.04 2254.12 2252.30 2253.39 2253.99 2254.09 2255.30 2257.71 2260.68 2263.89 2267.35 2270.57 2273.12 2274.98 2277.10 2280.92 2286.19 2291.47 2296.20 2300.73 2305.57 2310.94 2317.03 2324.16 2331.99 2339.41 2345.55 2350.34 2353.95 2356.56
2242.28 2246.26 2248.11 2248.27 2246.12 2240.57 2232.47 2222.43 2210.62 2198.10 2186.92 2180.84 2180.89 2184.63 2190.44 2198.01 2208.59 2221.57 2233.71 2241.81 2247.59 2253.15 2258.16 2262.09 2264.80 2265.79 2264.52 2263.20 2261.12 2256.46 2254.58 2257.04 2261.85 2268.32 2273.62 2273.54 2268.34 2262.91 2260.08 2260.37 2259.96 2258.91 2259.09 2260.40 2262.53 2265.16 2268.26 2271.55 2274.57 2277.02 2279.66 2284.16 2289.89 2295.09 2299.44 2303.47 2307.97 2313.41 2319.73 2326.81 2334.32 2341.43 2347.41 2352.05 2355.39 2357.66
