2_day/4_ps/nat_haz/data/elev.asc
NCOLS 367
NROWS 415
XLLCORNER 712367.500000
YLLCORNER 9557227.500000
CELLSIZE 10.000000
NODATA_VALUE -99999.000000
[rows 348 to 376 of 415, columns 264 to 329 of 367]
2722.39 2728.17 2735.19 2743.62 2753.20 2762.48 2770.56 2777.48 2783.55 2789.19 2794.69 2799.94 2805.12 2810.45 2815.53 2819.71 2822.99 2827.11 2832.69 2838.73 2844.17 2849.53 2854.88 2859.93 2865.20 2870.42 2875.15 2879.04 2883.80 2891.02 2898.55 2904.85 2909.83 2914.73 2920.71 2927.63 2934.24 2940.02 2945.59 2951.70 2958.14 2963.61 2968.22 2971.90 2974.23 2975.71 2976.57 2976.96 2976.95 2976.33 2975.21 2973.84 2972.21 2969.90 2965.88 2959.39 2952.26 2947.35 2945.70 2945.84 2946.89 2946.70 2940.54 2926.78 2912.45 2900.87
2726.99 2733.02 2740.45 2749.12 2758.11 2766.38 2773.52 2779.54 2784.74 2789.79 2795.13 2800.45 2805.49 2810.52 2815.35 2819.30 2822.12 2825.79 2830.75 2836.04 2841.17 2846.59 2852.14 2857.60 2863.10 2868.58 2873.74 2878.43 2883.66 2890.16 2896.82 2901.96 2905.54 2909.45 2915.28 2922.92 2930.18 2936.05 2941.50 2947.62 2954.24 2959.99 2965.29 2970.27 2974.28 2977.23 2979.20 2980.49 2981.08 2980.84 2980.34 2980.42 2980.79 2980.31 2977.69 2972.10 2964.78 2959.13 2956.06 2954.06 2954.34 2954.34 2948.59 2934.65 2920.13 2909.21
2731.90 2738.21 2745.89 2754.47 2762.44 2769.22 2774.99 2779.75 2783.74 2787.95 2792.69 2797.86 2803.18 2808.04 2812.43 2816.13 2819.19 2823.10 2827.93 2833.09 2838.34 2844.04 2849.89 2855.57 2861.29 2867.21 2872.98 2878.38 2883.66 2888.99 2893.90 2897.53 2899.91 2902.59 2907.79 2916.09 2924.06 2930.28 2935.91 2941.90 2948.41 2954.51 2960.54 2966.49 2971.79 2976.17 2979.43 2981.51 2982.71 2983.48 2984.31 2985.79 2987.73 2989.25 2989.26 2986.57 2981.38 2976.56 2971.74 2966.79 2964.71 2963.32 2957.22 2942.68 2927.92 2917.31
2736.28 2742.83 2750.09 2757.94 2764.65 2769.91 2774.23 2777.67 2780.67 2784.03 2787.87 2792.72 2798.31 2803.27 2807.81 2812.04 2815.96 2820.29 2825.43 2831.11 2836.89 2842.84 2848.79 2854.48 2860.24 2866.44 2872.63 2878.32 2883.19 2887.04 2890.00 2892.16 2893.69 2895.45 2899.40 2906.61 2914.89 2922.92 2930.16 2936.64 2942.91 2949.19 2955.59 2961.97 2968.15 2973.63 2977.87 2980.65 2982.67 2984.70 2986.96 2989.69 2992.94 2996.35 2999.27 3000.42 2998.63 2995.33 2990.08 2983.88 2978.35 2972.28 2962.58 2948.51 2935.52 2926.12
2738.33 2744.47 2750.64 2757.36 2763.21 2767.68 2771.22 2774.00 2776.47 2778.97 2781.74 2785.90 2791.63 2797.38 2802.95 2808.23 2813.08 2818.09 2823.94 2830.43 2836.92 2843.17 2849.07 2854.58 2860.12 2866.16 2872.25 2877.80 2882.05 2884.12 2885.19 2886.31 2887.61 2889.34 2892.23 2897.20 2904.83 2914.52 2923.82 2931.58 2938.12 2944.44 2950.99 2957.68 2964.45 2970.60 2975.41 2978.80 2981.74 2984.99 2988.34 2991.98 2996.16 3000.88 3005.63 3009.11 3010.07 3008.58 3004.59 2998.79 2990.88 2980.34 2966.97 2953.16 2942.88 2935.51
2736.03 2741.16 2746.05 2751.68 2757.48 2762.46 2766.27 2769.21 2771.66 2773.83 2776.10 2779.81 2785.61 2792.22 2798.94 2805.19 2810.96 2816.94 2823.62 2830.88 2838.07 2844.61 2850.42 2855.68 2860.75 2865.95 2871.09 2875.85 2879.27 2879.57 2879.00 2879.47 2881.12 2883.53 2886.08 2889.85 2896.24 2905.24 2915.67 2925.87 2933.70 2940.22 2946.89 2954.07 2961.38 2967.98 2973.35 2977.54 2981.26 2985.06 2988.85 2992.88 2997.50 3002.90 3008.54 3013.14 3015.62 3015.63 3013.22 3008.36 3000.25 2988.39 2973.58 2959.66 2950.84 2944.70
2728.98 2733.11 2737.44 2742.57 2748.84 2755.03 2759.91 2763.66 2766.79 2769.42 2772.04 2775.74 2781.26 2788.18 2795.68 2802.81 2809.45 2816.27 2823.78 2831.82 2839.62 2846.41 2852.13 2857.02 2861.30 2865.07 2868.33 2871.07 2872.77 2872.31 2871.03 2871.06 2873.11 2876.51 2879.81 2883.66 2888.96 2895.97 2905.65 2918.15 2928.30 2935.79 2942.92 2950.81 2958.79 2965.89 2971.86 2976.91 2981.18 2984.96 2988.75 2992.82 2997.48 3003.12 3009.23 3014.43 3017.70 3018.67 3017.44 3013.77 3006.98 2996.57 2983.57 2971.30 2961.89 2954.13
2719.82 2723.26 2727.66 2732.91 2739.49 2746.73 2752.91 2757.86 2762.17 2765.75 2768.95 2772.78 2778.09 2785.09 2793.16 2801.12 2808.48 2815.83 2824.10 2833.01 2841.27 2848.12 2853.53 2857.77 2861.00 2863.09 2863.93 2863.99 2863.70 2862.92 2861.66 2861.63 2864.02 2868.42 2873.31 2878.31 2883.59 2889.45 2897.61 2910.10 2922.25 2931.17 2939.19 2947.81 2956.38 2964.02 2970.48 2975.89 2980.37 2984.27 2988.13 2992.25 2996.95 3002.62 3008.84 3014.35 3018.10 3019.63 3019.35 3017.00 3011.97 3004.13 2994.49 2984.77 2974.71 2964.64
2711.15 2714.50 2718.87 2723.88 2729.98 2737.74 2745.27 2751.77 2757.63 2762.42 2766.31 2770.41 2775.69 2782.82 2791.58 2800.45 2808.35 2816.04 2824.96 2834.59 2842.98 2849.41 2854.07 2857.42 2859.64 2859.86 2858.36 2856.38 2854.48 2853.06 2852.33 2853.07 2856.09 2861.36 2867.75 2874.38 2880.91 2887.40 2895.14 2905.75 2917.09 2926.70 2935.80 2945.16 2954.25 2962.36 2969.12 2974.56 2979.00 2983.05 2987.13 2991.41 2996.22 3001.83 3007.94 3013.67 3018.02 3020.24 3020.65 3019.37 3016.02 3010.60 3003.58 2995.51 2986.33 2976.78
2704.10 2707.64 2711.64 2715.83 2720.71 2727.95 2736.93 2745.52 2752.97 2759.00 2763.88 2768.56 2774.04 2781.36 2790.83 2800.50 2808.97 2817.34 2826.82 2836.54 2844.39 2849.75 2853.07 2855.02 2855.77 2854.31 2851.59 2849.06 2846.63 2844.61 2844.78 2846.49 2850.08 2855.87 2863.26 2871.59 2880.19 2888.03 2895.60 2904.23 2913.53 2922.96 2932.87 2942.91 2952.54 2961.06 2967.97 2973.33 2977.68 2981.77 2985.94 2990.27 2995.07 3000.53 3006.55 3012.50 3017.45 3020.55 3021.72 3021.37 3019.46 3015.97 3010.77 3004.08 2996.47 2988.57
2699.25 2703.11 2707.02 2710.80 2714.94 2721.32 2730.86 2740.68 2748.97 2755.82 2761.74 2767.41 2773.72 2781.51 2791.02 2800.72 2809.59 2818.52 2828.38 2837.93 2844.62 2848.44 2849.97 2849.87 2848.95 2846.48 2843.61 2841.92 2840.91 2840.03 2840.65 2842.05 2845.54 2851.11 2858.60 2868.03 2879.12 2888.45 2895.74 2903.27 2911.58 2920.79 2930.80 2941.06 2951.09 2959.99 2966.94 2972.11 2976.38 2980.45 2984.56 2988.84 2993.54 2998.83 3004.79 3010.87 3016.16 3019.97 3022.14 3022.89 3022.30 3020.30 3016.49 3011.17 3005.26 2998.92
2697.72 2701.91 2706.04 2710.08 2714.61 2720.89 2729.45 2738.54 2746.36 2753.13 2759.77 2766.87 2774.69 2783.17 2792.29 2801.44 2809.99 2818.55 2827.94 2836.64 2841.88 2844.65 2844.81 2842.54 2840.76 2838.02 2835.29 2834.27 2834.93 2836.38 2837.88 2839.44 2842.29 2846.77 2852.83 2861.20 2873.76 2885.21 2893.33 2901.18 2909.78 2919.24 2929.17 2939.29 2949.36 2958.56 2965.39 2970.24 2974.47 2978.61 2982.76 2987.07 2991.80 2997.09 3003.01 3009.10 3014.58 3018.94 3022.04 3023.86 3024.33 3023.36 3020.71 3016.95 3013.04 3008.18
2699.78 2704.20 2708.44 2712.79 2717.71 2723.74 2730.94 2738.35 2744.77 2750.81 2757.91 2766.84 2776.62 2785.75 2794.32 2802.82 2810.78 2818.16 2825.79 2832.26 2835.79 2837.49 2836.77 2833.53 2831.52 2829.43 2827.22 2826.19 2827.67 2830.97 2834.42 2837.52 2840.46 2843.59 2847.78 2854.52 2866.09 2878.54 2888.44 2897.56 2907.17 2917.36 2927.46 2937.09 2946.49 2955.37 2962.10 2967.05 2971.55 2975.95 2980.34 2984.92 2989.92 2995.41 3001.34 3007.40 3013.09 3017.96 3021.79 3024.40 3025.67 3025.58 3024.19 3022.14 3019.96 3016.00
2704.07 2708.70 2713.00 2717.38 2722.17 2727.54 2733.33 2738.81 2743.60 2748.90 2756.50 2767.56 2779.60 2789.29 2797.36 2805.39 2812.83 2818.71 2823.80 2827.37 2828.14 2827.25 2825.24 2822.61 2821.71 2820.83 2819.82 2819.45 2821.72 2826.38 2831.36 2835.79 2839.15 2841.43 2844.92 2851.55 2861.61 2872.61 2882.93 2893.11 2904.02 2915.50 2926.02 2934.75 2942.64 2950.51 2957.20 2962.74 2967.79 2972.65 2977.48 2982.52 2987.94 2993.68 2999.66 3005.75 3011.68 3017.05 3021.46 3024.62 3026.58 3027.47 3027.51 3027.08 3025.91 3022.88
2709.53 2714.30 2718.50 2722.59 2726.93 2731.50 2735.99 2739.73 2742.88 2747.53 2755.94 2768.83 2782.75 2793.58 2801.86 2809.28 2815.73 2820.01 2822.18 2822.62 2820.51 2817.31 2814.38 2812.24 2812.06 2812.75 2813.80 2815.52 2818.94 2824.10 2829.58 2834.27 2837.48 2839.64 2843.15 2849.64 2858.50 2868.20 2878.13 2888.80 2901.01 2914.27 2925.50 2933.29 2939.56 2946.06 2952.36 2958.18 2963.71 2969.13 2974.56 2980.18 2986.03 2991.96 2997.95 3004.07 3010.21 3015.97 3020.82 3024.42 3027.02 3028.88 3030.25 3031.28 3031.58 3030.55
2715.54 2720.15 2724.03 2727.68 2731.43 2735.16 2738.35 2740.58 2742.61 2747.01 2756.30 2770.91 2786.32 2798.28 2806.63 2812.72 2816.97 2818.67 2817.84 2815.76 2812.74 2809.33 2806.17 2804.07 2804.15 2806.45 2809.87 2813.90 2818.67 2824.06 2829.49 2834.15 2837.35 2839.34 2842.69 2848.76 2856.62 2865.30 2874.62 2885.43 2898.57 2913.32 2925.11 2932.05 2937.14 2942.33 2947.97 2953.76 2959.63 2965.60 2971.72 2978.00 2984.27 2990.38 2996.37 3002.47 3008.66 3014.50 3019.55 3023.59 3026.87 3029.60 3032.02 3034.39 3036.55 3037.81
2721.34 2725.49 2729.05 2732.27 2735.43 2738.35 2740.38 2741.65 2743.59 2748.60 2759.80 2776.34 2792.00 2803.23 2810.08 2813.82 2815.17 2813.50 2809.10 2805.06 2803.29 2801.95 2800.07 2798.96 2799.88 2803.40 2808.37 2813.93 2819.71 2825.30 2830.76 2835.66 2839.34 2841.72 2844.79 2849.82 2856.31 2864.00 2872.82 2883.07 2895.32 2909.06 2920.99 2928.64 2933.82 2938.52 2943.75 2949.51 2955.64 2962.08 2968.81 2975.72 2982.51 2988.91 2995.08 3001.20 3007.25 3012.95 3017.99 3022.41 3026.29 3029.63 3032.72 3035.89 3039.30 3042.48
2726.90 2730.52 2733.69 2736.48 2739.04 2741.21 2742.70 2744.17 2747.34 2754.25 2768.17 2785.52 2799.10 2807.45 2811.01 2811.14 2809.50 2805.09 2797.22 2791.70 2792.31 2794.47 2795.57 2796.93 2799.53 2803.62 2808.88 2814.74 2820.78 2826.73 2832.71 2838.20 2842.53 2845.76 2849.01 2853.21 2858.43 2865.24 2873.60 2882.58 2891.91 2901.45 2912.79 2923.01 2929.24 2934.22 2939.56 2945.45 2951.79 2958.55 2965.68 2973.09 2980.47 2987.43 2993.96 3000.20 3006.16 3011.75 3016.84 3021.48 3025.64 3029.30 3032.69 3036.10 3039.92 3044.44
2732.28 2735.53 2738.31 2740.72 2742.87 2744.66 2746.24 2748.67 2754.20 2764.23 2778.89 2793.88 2804.24 2808.95 2808.13 2802.96 2797.49 2792.16 2784.86 2780.90 2784.15 2788.93 2792.70 2796.40 2800.67 2805.37 2810.61 2815.97 2821.55 2827.92 2834.92 2841.43 2846.63 2850.84 2854.64 2858.75 2863.75 2869.93 2877.24 2884.94 2892.43 2899.43 2908.49 2917.99 2924.48 2930.02 2935.79 2941.92 2948.29 2955.07 2962.36 2970.22 2978.37 2986.05 2993.02 2999.44 3005.40 3010.98 3016.16 3020.89 3025.12 3028.92 3032.51 3036.19 3040.40 3045.41
2737.32 2740.51 2743.12 2745.36 2747.43 2749.42 2751.65 2755.27 2763.01 2774.80 2787.35 2798.46 2805.29 2805.82 2800.03 2788.79 2779.33 2776.08 2775.22 2776.91 2781.82 2786.95 2791.68 2796.50 2801.87 2807.53 2813.17 2818.22 2822.93 2829.16 2837.19 2845.18 2851.62 2856.85 2861.31 2865.55 2870.43 2876.12 2882.35 2889.38 2897.07 2904.35 2911.05 2916.89 2921.91 2927.50 2933.40 2939.47 2945.67 2952.17 2959.32 2967.70 2976.74 2985.08 2992.38 2998.93 3004.94 3010.54 3015.74 3020.49 3024.80 3028.72 3032.49 3036.49 3041.03 3046.08
2742.06 2745.39 2748.07 2750.38 2752.69 2755.32 2758.69 2763.80 2772.42 2783.10 2792.50 2799.92 2802.48 2797.29 2786.71 2772.66 2762.83 2763.98 2769.46 2775.72 2781.87 2787.24 2792.38 2797.81 2803.96 2810.29 2816.05 2820.94 2824.93 2830.69 2840.20 2850.42 2857.94 2863.75 2868.48 2872.69 2877.09 2881.97 2887.42 2894.43 2903.05 2911.01 2916.85 2920.39 2923.63 2928.28 2933.54 2939.06 2945.19 2951.41 2958.14 2966.75 2976.26 2984.82 2992.15 2998.69 3004.74 3010.44 3015.74 3020.54 3024.83 3028.76 3032.64 3036.82 3041.51 3046.56
2747.01 2750.40 2753.16 2755.59 2758.21 2761.54 2765.85 2771.57 2778.92 2786.37 2792.24 2795.92 2793.67 2784.53 2773.27 2762.03 2756.19 2759.79 2767.94 2776.38 2783.14 2788.80 2794.38 2800.58 2807.55 2814.30 2819.67 2824.24 2828.15 2833.54 2845.39 2858.71 2866.34 2871.61 2875.88 2879.60 2883.26 2887.33 2892.41 2899.81 2909.73 2918.10 2923.10 2925.81 2928.40 2932.36 2937.33 2942.81 2948.66 2954.20 2960.33 2968.49 2977.55 2985.57 2992.44 2998.75 3004.80 3010.62 3016.09 3020.95 3025.15 3029.01 3032.92 3037.20 3042.01 3047.13
2752.39 2755.62 2758.29 2760.72 2763.49 2767.08 2771.59 2776.81 2781.89 2785.17 2785.72 2784.13 2779.60 2771.60 2763.34 2756.76 2755.08 2760.02 2768.94 2778.33 2785.50 2791.10 2796.93 2803.87 2811.71 2819.25 2825.15 2830.08 2834.69 2840.92 2853.56 2867.37 2874.92 2879.51 2883.10 2886.15 2889.19 2893.00 2898.47 2906.48 2916.53 2924.33 2928.49 2931.07 2933.96 2938.30 2943.97 2950.18 2955.54 2959.91 2965.02 2971.96 2979.80 2986.90 2993.17 2999.17 3005.19 3011.08 3016.56 3021.40 3025.58 3029.45 3033.37 3037.69 3042.65 3047.98
2757.78 2760.69 2763.05 2765.28 2767.83 2771.05 2774.96 2779.12 2782.10 2781.53 2777.53 2772.57 2767.71 2762.28 2757.25 2754.22 2755.19 2761.27 2770.69 2780.17 2787.68 2793.57 2799.56 2807.00 2815.43 2823.68 2830.81 2837.06 2843.06 2850.67 2862.18 2874.09 2881.63 2886.19 2889.54 2892.31 2895.10 2899.05 2905.23 2913.42 2922.24 2929.07 2933.17 2936.10 2939.66 2944.77 2951.07 2957.66 2962.62 2966.08 2970.19 2975.72 2982.17 2988.48 2994.36 3000.15 3006.09 3011.95 3017.32 3022.04 3026.23 3030.14 3034.13 3038.53 3043.64 3049.22
2762.64 2765.06 2766.95 2768.68 2770.59 2772.86 2775.40 2777.68 2778.33 2775.19 2769.48 2764.03 2759.72 2756.45 2754.19 2753.74 2756.33 2763.43 2773.58 2782.99 2790.41 2796.44 2802.50 2809.88 2818.43 2827.23 2835.45 2842.77 2849.76 2857.84 2868.19 2878.65 2885.90 2890.83 2894.67 2897.78 2900.92 2905.33 2911.86 2919.85 2927.70 2933.78 2938.00 2941.58 2945.78 2951.12 2957.17 2963.04 2967.59 2971.03 2974.80 2979.53 2985.05 2990.68 2996.20 3001.82 3007.56 3013.27 3018.58 3023.11 3027.21 3031.20 3035.34 3039.91 3045.11 3050.75
2766.55 2768.39 2769.65 2770.64 2771.60 2772.56 2773.24 2772.92 2770.55 2765.99 2761.31 2757.46 2754.78 2753.48 2753.52 2755.22 2759.42 2767.33 2777.59 2786.50 2793.46 2799.38 2805.30 2812.18 2820.40 2829.58 2838.47 2846.28 2853.61 2861.37 2870.14 2879.06 2886.51 2892.74 2898.02 2902.06 2905.90 2910.93 2917.75 2925.78 2933.45 2939.29 2943.68 2947.76 2952.17 2957.16 2962.42 2967.34 2971.41 2975.00 2978.99 2983.67 2988.76 2993.83 2998.89 3004.24 3009.59 3014.71 3019.64 3024.22 3028.52 3032.72 3037.00 3041.71 3046.92 3052.46
2769.26 2770.47 2771.01 2771.14 2771.06 2770.71 2769.72 2767.44 2763.26 2758.34 2755.01 2752.99 2752.07 2752.50 2754.36 2757.74 2763.16 2771.27 2780.73 2788.96 2795.63 2801.40 2807.08 2813.66 2821.61 2830.70 2839.50 2847.09 2854.04 2861.07 2868.60 2876.48 2884.17 2891.88 2898.99 2904.45 2909.29 2915.00 2922.28 2930.69 2938.77 2944.94 2949.67 2953.96 2958.26 2962.75 2967.27 2971.47 2975.13 2978.74 2983.14 2988.14 2993.23 2998.03 3002.73 3007.67 3012.41 3016.64 3020.83 3025.58 3030.35 3034.85 3039.28 3044.00 3049.06 3054.38
2770.71 2771.25 2771.05 2770.34 2769.31 2767.91 2765.92 2762.91 2758.65 2754.38 2751.71 2750.66 2750.93 2752.55 2755.51 2759.65 2765.21 2773.01 2781.79 2789.35 2795.79 2801.42 2807.04 2813.92 2821.95 2830.41 2838.56 2845.32 2851.44 2858.07 2865.39 2872.90 2880.68 2889.48 2898.05 2905.09 2911.21 2917.68 2925.47 2934.21 2942.64 2949.56 2954.98 2959.53 2963.70 2967.78 2971.81 2975.66 2979.23 2982.97 2987.55 2992.72 2997.93 3002.71 3007.27 3011.87 3016.13 3019.81 3023.55 3028.04 3032.93 3037.69 3042.27 3046.91 3051.64 3056.54
2771.01 2770.86 2769.94 2768.47 2766.65 2764.52 2762.02 2759.01 2755.42 2752.16 2750.25 2749.86 2750.79 2752.92 2756.06 2759.84 2764.44 2771.57 2780.09 2787.48 2793.59 2798.96 2804.78 2812.16 2820.17 2827.96 2835.34 2841.43 2847.45 2854.60 2862.35 2870.46 2878.84 2888.05 2897.16 2905.19 2912.51 2919.95 2928.17 2936.99 2945.71 2953.29 2959.31 2964.10 2968.21 2972.06 2975.85 2979.63 2983.37 2987.31 2991.83 2996.82 3001.91 3006.73 3011.38 3015.90 3019.93 3023.35 3026.85 3031.01 3035.83 3040.78 3045.54 3050.26 3054.76 3059.19
